A Homogeneous Main-Sequence Model
 The surface conditions are:        The central conditions are:
 Mtot =  1.000000E+00 Msun          Mc/Mtot     =  4.00418E-04
 Rtot =  1.020998E+00 Rsun          Rc/Rtot     =  1.90000E-02
 Ltot =  8.607100E-01 Lsun          Lc/Ltot     =  7.67225E-02
 Teff =  5.500200E+03 K             Density     =  7.72529E+01
 X    =  7.000000E-01               Temperature =  1.41421E+07
 Y    =  2.920000E-01               Pressure    =  1.46284E+17 dynes/cm**2
 Z    =  8.000000E-03               epsilon     =  3.17232E+02 ergs/s/g
                                    dlnP/dlnT   =  2.49808E+00
Notes:
 (1) Mass is listed as Qm = 1.0 - M_r/Mtot, where Mtot =     1.989e+33
 (2) Convective zones are indicated by c, radiative zones by r
 (3) dlnP/dlnT may be limited to +99.9 or -99.9# if so it is
 labeled by *
   r        Qm       L_r       T        P        rho      kap      eps     dlPdlT
1.35E+09 1.00E+00 2.53E+32 1.40E+07 1.45E+17 7.72E+01 1.40E+00 1.51E+01 c   2.5
2.06E+09 9.99E-01 2.83E+32 1.39E+07 1.43E+17 7.66E+01 1.42E+00 1.46E+01 c   2.5
2.77E+09 9.97E-01 3.40E+32 1.38E+07 1.40E+17 7.57E+01 1.44E+00 1.39E+01 c   2.5
3.48E+09 9.93E-01 4.28E+32 1.37E+07 1.36E+17 7.45E+01 1.46E+00 1.31E+01 c   2.5
4.19E+09 9.88E-01 5.51E+32 1.35E+07 1.32E+17 7.31E+01 1.49E+00 1.21E+01 c   2.5
4.90E+09 9.82E-01 7.06E+32 1.33E+07 1.27E+17 7.15E+01 1.53E+00 1.11E+01 c   2.5
5.61E+09 9.73E-01 8.90E+32 1.31E+07 1.22E+17 6.97E+01 1.58E+00 1.00E+01 c   2.4
6.32E+09 9.62E-01 1.10E+33 1.28E+07 1.16E+17 6.77E+01 1.63E+00 8.87E+00 r   2.5
7.03E+09 9.49E-01 1.32E+33 1.25E+07 1.10E+17 6.55E+01 1.70E+00 7.79E+00 r   2.7
7.75E+09 9.33E-01 1.54E+33 1.22E+07 1.03E+17 6.30E+01 1.76E+00 6.76E+00 r   2.7
8.46E+09 9.15E-01 1.77E+33 1.19E+07 9.65E+16 6.04E+01 1.83E+00 5.81E+00 r   2.8
9.17E+09 8.94E-01 1.99E+33 1.16E+07 8.96E+16 5.76E+01 1.91E+00 4.93E+00 r   2.9
9.88E+09 8.71E-01 2.19E+33 1.13E+07 8.28E+16 5.46E+01 1.99E+00 4.14E+00 r   3.0
1.06E+10 8.46E-01 2.38E+33 1.10E+07 7.60E+16 5.16E+01 2.07E+00 3.45E+00 r   3.1
1.13E+10 8.19E-01 2.55E+33 1.07E+07 6.95E+16 4.86E+01 2.16E+00 2.83E+00 r   3.1
1.20E+10 7.91E-01 2.70E+33 1.04E+07 6.31E+16 4.55E+01 2.25E+00 2.31E+00 r   3.2
1.27E+10 7.60E-01 2.82E+33 1.00E+07 5.70E+16 4.24E+01 2.35E+00 1.86E+00 r   3.3
1.34E+10 7.29E-01 2.92E+33 9.71E+06 5.13E+16 3.94E+01 2.45E+00 1.48E+00 r   3.3
1.41E+10 6.97E-01 3.01E+33 9.39E+06 4.59E+16 3.65E+01 2.55E+00 1.17E+00 r   3.4
1.49E+10 6.64E-01 3.08E+33 9.07E+06 4.08E+16 3.36E+01 2.66E+00 9.19E-01 r   3.5
1.56E+10 6.30E-01 3.13E+33 8.77E+06 3.62E+16 3.08E+01 2.76E+00 7.14E-01 r   3.5
1.63E+10 5.97E-01 3.17E+33 8.46E+06 3.20E+16 2.82E+01 2.88E+00 5.50E-01 r   3.6
1.70E+10 5.63E-01 3.21E+33 8.17E+06 2.81E+16 2.57E+01 2.99E+00 4.20E-01 r   3.7
1.77E+10 5.30E-01 3.23E+33 7.88E+06 2.46E+16 2.33E+01 3.10E+00 3.19E-01 r   3.7
1.84E+10 4.98E-01 3.25E+33 7.60E+06 2.15E+16 2.11E+01 3.21E+00 2.40E-01 r   3.8
1.91E+10 4.66E-01 3.26E+33 7.32E+06 1.87E+16 1.91E+01 3.33E+00 1.79E-01 r   3.8
1.98E+10 4.35E-01 3.27E+33 7.06E+06 1.62E+16 1.72E+01 3.44E+00 1.33E-01 r   3.9
2.05E+10 4.06E-01 3.28E+33 6.80E+06 1.40E+16 1.54E+01 3.55E+00 9.83E-02 r   3.9
2.12E+10 3.77E-01 3.28E+33 6.55E+06 1.21E+16 1.38E+01 3.67E+00 7.21E-02 r   4.0
2.20E+10 3.50E-01 3.29E+33 6.31E+06 1.04E+16 1.23E+01 3.78E+00 5.26E-02 r   4.0
2.27E+10 3.24E-01 3.29E+33 6.08E+06 8.97E+15 1.10E+01 3.90E+00 3.82E-02 r   4.1
2.34E+10 2.99E-01 3.29E+33 5.85E+06 7.69E+15 9.82E+00 4.01E+00 2.75E-02 r   4.1
2.41E+10 2.75E-01 3.29E+33 5.63E+06 6.59E+15 8.73E+00 4.12E+00 1.98E-02 r   4.1
2.48E+10 2.53E-01 3.29E+33 5.43E+06 5.63E+15 7.75E+00 4.24E+00 1.41E-02 r   4.2
2.55E+10 2.33E-01 3.29E+33 5.22E+06 4.81E+15 6.87E+00 4.35E+00 1.00E-02 r   4.2
2.62E+10 2.13E-01 3.29E+33 5.03E+06 4.10E+15 6.08E+00 4.46E+00 7.10E-03 r   4.2
2.69E+10 1.95E-01 3.29E+33 4.84E+06 3.49E+15 5.38E+00 4.58E+00 5.00E-03 r   4.2
2.76E+10 1.78E-01 3.29E+33 4.66E+06 2.97E+15 4.75E+00 4.69E+00 3.50E-03 r   4.3
2.84E+10 1.62E-01 3.29E+33 4.48E+06 2.52E+15 4.20E+00 4.81E+00 2.44E-03 r   4.3
2.91E+10 1.48E-01 3.29E+33 4.32E+06 2.14E+15 3.70E+00 4.92E+00 1.70E-03 r   4.3
2.98E+10 1.34E-01 3.29E+33 4.15E+06 1.81E+15 3.26E+00 5.04E+00 1.17E-03 r   4.3
3.05E+10 1.22E-01 3.29E+33 4.00E+06 1.54E+15 2.87E+00 5.16E+00 8.08E-04 r   4.3
3.12E+10 1.10E-01 3.29E+33 3.85E+06 1.30E+15 2.52E+00 5.27E+00 5.54E-04 r   4.4
3.19E+10 9.97E-02 3.29E+33 3.70E+06 1.10E+15 2.22E+00 5.39E+00 3.77E-04 r   4.4
3.26E+10 9.00E-02 3.29E+33 3.56E+06 9.29E+14 1.95E+00 5.51E+00 2.56E-04 r   4.4
3.33E+10 8.11E-02 3.29E+33 3.43E+06 7.84E+14 1.71E+00 5.64E+00 1.73E-04 r   4.4
3.40E+10 7.30E-02 3.29E+33 3.30E+06 6.61E+14 1.50E+00 5.76E+00 1.16E-04 r   4.4
3.47E+10 6.55E-02 3.29E+33 3.17E+06 5.57E+14 1.31E+00 5.88E+00 7.76E-05 r   4.4
3.55E+10 5.87E-02 3.29E+33 3.05E+06 4.69E+14 1.15E+00 6.01E+00 5.15E-05 r   4.4
3.62E+10 5.25E-02 3.29E+33 2.93E+06 3.94E+14 1.00E+00 6.14E+00 3.40E-05 r   4.4
3.69E+10 4.69E-02 3.29E+33 2.82E+06 3.31E+14 8.77E-01 6.27E+00 2.23E-05 r   4.5
3.76E+10 4.18E-02 3.29E+33 2.71E+06 2.78E+14 7.65E-01 6.41E+00 1.46E-05 r   4.5
3.83E+10 3.72E-02 3.29E+33 2.61E+06 2.33E+14 6.67E-01 6.55E+00 9.45E-06 r   4.5
3.90E+10 3.30E-02 3.29E+33 2.51E+06 1.95E+14 5.81E-01 6.69E+00 6.08E-06 r   4.5
3.97E+10 2.92E-02 3.29E+33 2.41E+06 1.63E+14 5.06E-01 6.83E+00 3.89E-06 r   4.5
4.04E+10 2.58E-02 3.29E+33 2.31E+06 1.36E+14 4.39E-01 6.98E+00 2.46E-06 r   4.5
4.11E+10 2.28E-02 3.29E+33 2.22E+06 1.13E+14 3.81E-01 7.14E+00 1.55E-06 r   4.5
4.19E+10 2.00E-02 3.29E+33 2.13E+06 9.44E+13 3.31E-01 7.29E+00 9.65E-07 r   4.5
4.26E+10 1.76E-02 3.29E+33 2.04E+06 7.84E+13 2.86E-01 7.45E+00 5.96E-07 r   4.5
4.33E+10 1.54E-02 3.29E+33 1.96E+06 6.50E+13 2.47E-01 7.62E+00 3.65E-07 r   4.5
4.40E+10 1.34E-02 3.29E+33 1.88E+06 5.37E+13 2.13E-01 7.79E+00 2.21E-07 r   4.5
4.47E+10 1.17E-02 3.29E+33 1.80E+06 4.43E+13 1.84E-01 7.97E+00 1.32E-07 r   4.5
4.54E+10 1.01E-02 3.29E+33 1.73E+06 3.65E+13 1.58E-01 8.16E+00 7.80E-08 r   4.5
4.55E+10 9.97E-03 3.29E+33 1.72E+06 3.58E+13 1.55E-01 8.18E+00 7.40E-08 r   4.5
4.55E+10 9.82E-03 3.29E+33 1.71E+06 3.51E+13 1.53E-01 8.19E+00 7.01E-08 r   4.5
4.56E+10 9.68E-03 3.29E+33 1.70E+06 3.44E+13 1.51E-01 8.21E+00 6.65E-08 r   4.5
4.57E+10 9.54E-03 3.29E+33 1.70E+06 3.37E+13 1.48E-01 8.23E+00 6.30E-08 r   4.5
4.58E+10 9.40E-03 3.29E+33 1.69E+06 3.31E+13 1.46E-01 8.25E+00 5.97E-08 r   4.5
4.58E+10 9.27E-03 3.29E+33 1.68E+06 3.24E+13 1.44E-01 8.27E+00 5.66E-08 r   4.5
4.59E+10 9.13E-03 3.29E+33 1.67E+06 3.18E+13 1.42E-01 8.29E+00 5.36E-08 r   4.5
4.60E+10 9.00E-03 3.29E+33 1.67E+06 3.12E+13 1.40E-01 8.31E+00 5.08E-08 r   4.5
4.60E+10 8.87E-03 3.29E+33 1.66E+06 3.06E+13 1.37E-01 8.33E+00 4.81E-08 r   4.5
4.61E+10 8.74E-03 3.29E+33 1.65E+06 3.00E+13 1.35E-01 8.35E+00 4.56E-08 r   4.5
4.62E+10 8.61E-03 3.29E+33 1.64E+06 2.94E+13 1.33E-01 8.37E+00 4.31E-08 r   4.5
4.63E+10 8.48E-03 3.29E+33 1.64E+06 2.88E+13 1.31E-01 8.39E+00 4.08E-08 r   4.5
4.63E+10 8.36E-03 3.29E+33 1.63E+06 2.82E+13 1.29E-01 8.41E+00 3.87E-08 r   4.5
4.64E+10 8.23E-03 3.29E+33 1.62E+06 2.77E+13 1.27E-01 8.43E+00 3.66E-08 r   4.5
4.65E+10 8.11E-03 3.29E+33 1.62E+06 2.71E+13 1.25E-01 8.45E+00 3.46E-08 r   4.5
4.65E+10 7.99E-03 3.29E+33 1.61E+06 2.66E+13 1.23E-01 8.47E+00 3.28E-08 r   4.5
4.66E+10 7.87E-03 3.29E+33 1.60E+06 2.61E+13 1.21E-01 8.49E+00 3.10E-08 r   4.5
4.67E+10 7.75E-03 3.29E+33 1.59E+06 2.55E+13 1.20E-01 8.51E+00 2.93E-08 r   4.5
4.68E+10 7.64E-03 3.29E+33 1.59E+06 2.50E+13 1.18E-01 8.53E+00 2.77E-08 r   4.5
4.68E+10 7.52E-03 3.29E+33 1.58E+06 2.45E+13 1.16E-01 8.55E+00 2.62E-08 r   4.5
4.69E+10 7.41E-03 3.29E+33 1.57E+06 2.40E+13 1.14E-01 8.57E+00 2.48E-08 r   4.5
4.70E+10 7.30E-03 3.29E+33 1.57E+06 2.36E+13 1.12E-01 8.59E+00 2.35E-08 r   4.5
4.70E+10 7.19E-03 3.29E+33 1.56E+06 2.31E+13 1.11E-01 8.61E+00 2.22E-08 r   4.5
4.71E+10 7.08E-03 3.29E+33 1.55E+06 2.26E+13 1.09E-01 8.63E+00 2.10E-08 r   4.5
4.72E+10 6.97E-03 3.29E+33 1.55E+06 2.22E+13 1.07E-01 8.65E+00 1.98E-08 r   4.5
4.73E+10 6.86E-03 3.29E+33 1.54E+06 2.17E+13 1.05E-01 8.67E+00 1.87E-08 r   4.5
4.73E+10 6.76E-03 3.29E+33 1.53E+06 2.13E+13 1.04E-01 8.69E+00 1.77E-08 r   4.5
4.74E+10 6.65E-03 3.29E+33 1.52E+06 2.09E+13 1.02E-01 8.71E+00 1.67E-08 r   4.5
4.75E+10 6.55E-03 3.29E+33 1.52E+06 2.04E+13 1.00E-01 8.73E+00 1.58E-08 r   4.5
4.75E+10 6.45E-03 3.29E+33 1.51E+06 2.00E+13 9.89E-02 8.75E+00 1.49E-08 r   4.5
4.76E+10 6.35E-03 3.29E+33 1.50E+06 1.96E+13 9.73E-02 8.78E+00 1.41E-08 r   4.5
4.77E+10 6.25E-03 3.29E+33 1.50E+06 1.92E+13 9.58E-02 8.80E+00 1.33E-08 r   4.5
4.78E+10 6.16E-03 3.29E+33 1.49E+06 1.88E+13 9.43E-02 8.82E+00 1.25E-08 r   4.5
4.78E+10 6.06E-03 3.29E+33 1.48E+06 1.84E+13 9.28E-02 8.84E+00 1.18E-08 r   4.5
4.79E+10 5.97E-03 3.29E+33 1.48E+06 1.81E+13 9.13E-02 8.86E+00 1.11E-08 r   4.5
4.80E+10 5.87E-03 3.29E+33 1.47E+06 1.77E+13 8.98E-02 8.88E+00 1.05E-08 r   4.5
4.80E+10 5.78E-03 3.29E+33 1.46E+06 1.73E+13 8.84E-02 8.91E+00 9.92E-09 r   4.5
4.81E+10 5.69E-03 3.29E+33 1.46E+06 1.70E+13 8.70E-02 8.93E+00 9.35E-09 r   4.5
4.82E+10 5.60E-03 3.29E+33 1.45E+06 1.66E+13 8.56E-02 8.95E+00 8.82E-09 r   4.5
4.83E+10 5.51E-03 3.29E+33 1.44E+06 1.63E+13 8.42E-02 8.97E+00 8.31E-09 r   4.5
4.83E+10 5.42E-03 3.29E+33 1.44E+06 1.60E+13 8.28E-02 8.99E+00 7.84E-09 r   4.5
4.84E+10 5.34E-03 3.29E+33 1.43E+06 1.56E+13 8.15E-02 9.02E+00 7.39E-09 r   4.5
4.85E+10 5.25E-03 3.29E+33 1.42E+06 1.53E+13 8.02E-02 9.04E+00 6.96E-09 r   4.5
4.85E+10 5.17E-03 3.29E+33 1.42E+06 1.50E+13 7.89E-02 9.06E+00 6.56E-09 r   4.5
4.86E+10 5.08E-03 3.29E+33 1.41E+06 1.47E+13 7.76E-02 9.08E+00 6.17E-09 r   4.5
4.87E+10 5.00E-03 3.29E+33 1.40E+06 1.44E+13 7.63E-02 9.11E+00 5.82E-09 r   4.5
4.87E+10 4.92E-03 3.29E+33 1.40E+06 1.41E+13 7.51E-02 9.13E+00 5.48E-09 r   4.5
4.88E+10 4.84E-03 3.29E+33 1.39E+06 1.38E+13 7.39E-02 9.15E+00 5.15E-09 r   4.5
4.89E+10 4.76E-03 3.29E+33 1.38E+06 1.35E+13 7.27E-02 9.17E+00 4.85E-09 r   4.5
4.90E+10 4.69E-03 3.29E+33 1.38E+06 1.32E+13 7.15E-02 9.20E+00 4.57E-09 r   4.5
4.90E+10 4.61E-03 3.29E+33 1.37E+06 1.29E+13 7.03E-02 9.22E+00 4.30E-09 r   4.5
4.91E+10 4.54E-03 3.29E+33 1.37E+06 1.27E+13 6.91E-02 9.24E+00 4.04E-09 r   4.5
4.92E+10 4.46E-03 3.29E+33 1.36E+06 1.24E+13 6.80E-02 9.27E+00 3.80E-09 r   4.5
4.92E+10 4.39E-03 3.29E+33 1.35E+06 1.21E+13 6.69E-02 9.29E+00 3.57E-09 r   4.5
4.93E+10 4.32E-03 3.29E+33 1.35E+06 1.19E+13 6.58E-02 9.31E+00 3.36E-09 r   4.5
4.94E+10 4.24E-03 3.29E+33 1.34E+06 1.16E+13 6.47E-02 9.34E+00 3.16E-09 r   4.5
4.95E+10 4.17E-03 3.29E+33 1.33E+06 1.14E+13 6.36E-02 9.36E+00 2.97E-09 r   4.5
4.95E+10 4.10E-03 3.29E+33 1.33E+06 1.11E+13 6.26E-02 9.38E+00 2.79E-09 r   4.5
4.96E+10 4.04E-03 3.29E+33 1.32E+06 1.09E+13 6.15E-02 9.41E+00 2.62E-09 r   4.5
4.97E+10 3.97E-03 3.29E+33 1.31E+06 1.07E+13 6.05E-02 9.43E+00 2.46E-09 r   4.5
4.97E+10 3.90E-03 3.29E+33 1.31E+06 1.04E+13 5.95E-02 9.46E+00 2.31E-09 r   4.5
4.98E+10 3.84E-03 3.29E+33 1.30E+06 1.02E+13 5.85E-02 9.48E+00 2.17E-09 r   4.5
4.99E+10 3.77E-03 3.29E+33 1.30E+06 9.99E+12 5.75E-02 9.51E+00 2.04E-09 r   4.5
5.00E+10 3.71E-03 3.29E+33 1.29E+06 9.77E+12 5.65E-02 9.53E+00 1.91E-09 r   4.5
5.00E+10 3.64E-03 3.29E+33 1.28E+06 9.56E+12 5.56E-02 9.56E+00 1.79E-09 r   4.5
5.01E+10 3.58E-03 3.29E+33 1.28E+06 9.36E+12 5.46E-02 9.58E+00 1.68E-09 r   4.5
5.02E+10 3.52E-03 3.29E+33 1.27E+06 9.15E+12 5.37E-02 9.61E+00 1.58E-09 r   4.5
5.02E+10 3.46E-03 3.29E+33 1.27E+06 8.95E+12 5.28E-02 9.63E+00 1.48E-09 r   4.5
5.03E+10 3.40E-03 3.29E+33 1.26E+06 8.76E+12 5.19E-02 9.66E+00 1.39E-09 r   4.5
5.04E+10 3.34E-03 3.29E+33 1.25E+06 8.57E+12 5.10E-02 9.68E+00 1.30E-09 r   4.5
5.05E+10 3.29E-03 3.29E+33 1.25E+06 8.38E+12 5.02E-02 9.71E+00 1.22E-09 r   4.5
5.05E+10 3.23E-03 3.29E+33 1.24E+06 8.20E+12 4.93E-02 9.73E+00 1.14E-09 r   4.5
5.06E+10 3.17E-03 3.29E+33 1.24E+06 8.02E+12 4.85E-02 9.76E+00 1.07E-09 r   4.5
5.07E+10 3.12E-03 3.29E+33 1.23E+06 7.84E+12 4.76E-02 9.78E+00 1.00E-09 r   4.5
5.07E+10 3.06E-03 3.29E+33 1.22E+06 7.67E+12 4.68E-02 9.81E+00 9.38E-10 r   4.5
5.08E+10 3.01E-03 3.29E+33 1.22E+06 7.50E+12 4.60E-02 9.84E+00 8.78E-10 r   4.5
5.09E+10 2.96E-03 3.29E+33 1.21E+06 7.33E+12 4.52E-02 9.86E+00 8.22E-10 r   4.5
5.10E+10 2.90E-03 3.29E+33 1.21E+06 7.17E+12 4.44E-02 9.89E+00 7.69E-10 r   4.5
5.10E+10 2.85E-03 3.29E+33 1.20E+06 7.01E+12 4.36E-02 9.91E+00 7.20E-10 r   4.5
5.11E+10 2.80E-03 3.29E+33 1.19E+06 6.86E+12 4.29E-02 9.94E+00 6.73E-10 r   4.5
5.12E+10 2.75E-03 3.29E+33 1.19E+06 6.70E+12 4.21E-02 9.97E+00 6.29E-10 r   4.5
5.12E+10 2.70E-03 3.29E+33 1.18E+06 6.55E+12 4.14E-02 9.99E+00 5.88E-10 r   4.5
5.13E+10 2.65E-03 3.29E+33 1.18E+06 6.41E+12 4.07E-02 1.00E+01 5.50E-10 r   4.5
5.14E+10 2.61E-03 3.29E+33 1.17E+06 6.26E+12 4.00E-02 1.00E+01 5.14E-10 r   4.5
5.14E+10 2.56E-03 3.29E+33 1.16E+06 6.12E+12 3.93E-02 1.01E+01 4.80E-10 r   4.5
5.15E+10 2.51E-03 3.29E+33 1.16E+06 5.98E+12 3.86E-02 1.01E+01 4.48E-10 r   4.5
5.16E+10 2.47E-03 3.29E+33 1.15E+06 5.85E+12 3.79E-02 1.01E+01 4.18E-10 r   4.5
5.17E+10 2.42E-03 3.29E+33 1.15E+06 5.72E+12 3.72E-02 1.02E+01 3.91E-10 r   4.5
5.17E+10 2.38E-03 3.29E+33 1.14E+06 5.59E+12 3.66E-02 1.02E+01 3.64E-10 r   4.5
5.18E+10 2.34E-03 3.29E+33 1.13E+06 5.46E+12 3.59E-02 1.02E+01 3.40E-10 r   4.5
5.19E+10 2.29E-03 3.29E+33 1.13E+06 5.33E+12 3.53E-02 1.02E+01 3.17E-10 r   4.5
5.19E+10 2.25E-03 3.29E+33 1.12E+06 5.21E+12 3.46E-02 1.03E+01 2.96E-10 r   4.5
5.20E+10 2.21E-03 3.29E+33 1.12E+06 5.09E+12 3.40E-02 1.03E+01 2.76E-10 r   4.5
5.21E+10 2.17E-03 3.29E+33 1.11E+06 4.98E+12 3.34E-02 1.03E+01 2.57E-10 r   4.5
5.22E+10 2.13E-03 3.29E+33 1.11E+06 4.86E+12 3.28E-02 1.04E+01 2.39E-10 r   4.5
5.22E+10 2.09E-03 3.29E+33 1.10E+06 4.75E+12 3.22E-02 1.04E+01 2.23E-10 r   4.5
5.23E+10 2.05E-03 3.29E+33 1.09E+06 4.64E+12 3.16E-02 1.04E+01 2.08E-10 r   4.5
5.24E+10 2.01E-03 3.29E+33 1.09E+06 4.53E+12 3.10E-02 1.04E+01 1.93E-10 r   4.5
5.24E+10 1.97E-03 3.29E+33 1.08E+06 4.43E+12 3.05E-02 1.05E+01 1.80E-10 r   4.5
5.25E+10 1.93E-03 3.29E+33 1.08E+06 4.32E+12 2.99E-02 1.05E+01 1.68E-10 r   4.5
5.26E+10 1.90E-03 3.29E+33 1.07E+06 4.22E+12 2.94E-02 1.05E+01 1.56E-10 r   4.5
5.27E+10 1.86E-03 3.29E+33 1.07E+06 4.12E+12 2.88E-02 1.06E+01 1.45E-10 r   4.5
5.27E+10 1.83E-03 3.29E+33 1.06E+06 4.03E+12 2.83E-02 1.06E+01 1.35E-10 r   4.5
5.28E+10 1.79E-03 3.29E+33 1.06E+06 3.93E+12 2.78E-02 1.06E+01 1.25E-10 r   4.5
5.29E+10 1.76E-03 3.29E+33 1.05E+06 3.84E+12 2.73E-02 1.07E+01 1.16E-10 r   4.5
5.29E+10 1.72E-03 3.29E+33 1.04E+06 3.75E+12 2.68E-02 1.07E+01 1.08E-10 r   4.5
5.30E+10 1.69E-03 3.29E+33 1.04E+06 3.66E+12 2.63E-02 1.07E+01 1.00E-10 r   4.5
5.31E+10 1.66E-03 3.29E+33 1.03E+06 3.57E+12 2.58E-02 1.07E+01 9.32E-11 r   4.5
5.32E+10 1.62E-03 3.29E+33 1.03E+06 3.49E+12 2.53E-02 1.08E+01 8.65E-11 r   4.5
5.32E+10 1.59E-03 3.29E+33 1.02E+06 3.40E+12 2.48E-02 1.08E+01 8.02E-11 r   4.5
5.33E+10 1.56E-03 3.29E+33 1.02E+06 3.32E+12 2.44E-02 1.08E+01 7.44E-11 r   4.5
5.34E+10 1.53E-03 3.29E+33 1.01E+06 3.24E+12 2.39E-02 1.09E+01 6.90E-11 r   4.5
5.34E+10 1.50E-03 3.29E+33 1.01E+06 3.16E+12 2.35E-02 1.09E+01 6.40E-11 r   4.6
5.35E+10 1.47E-03 3.29E+33 1.00E+06 3.09E+12 2.30E-02 1.09E+01 5.93E-11 r   4.6
5.36E+10 1.44E-03 3.29E+33 9.96E+05 3.01E+12 2.26E-02 1.10E+01 5.49E-11 r   4.6
5.37E+10 1.41E-03 3.29E+33 9.90E+05 2.94E+12 2.21E-02 1.10E+01 5.09E-11 r   4.6
5.37E+10 1.38E-03 3.29E+33 9.85E+05 2.87E+12 2.17E-02 1.10E+01 4.71E-11 r   4.6
5.38E+10 1.36E-03 3.29E+33 9.80E+05 2.80E+12 2.13E-02 1.11E+01 4.36E-11 r   4.6
5.39E+10 1.33E-03 3.29E+33 9.74E+05 2.73E+12 2.09E-02 1.11E+01 4.03E-11 r   4.6
5.39E+10 1.30E-03 3.29E+33 9.69E+05 2.66E+12 2.05E-02 1.11E+01 3.73E-11 r   4.6
5.40E+10 1.27E-03 3.29E+33 9.64E+05 2.60E+12 2.01E-02 1.12E+01 3.45E-11 r   4.6
5.41E+10 1.25E-03 3.29E+33 9.58E+05 2.53E+12 1.97E-02 1.12E+01 3.19E-11 r   4.6
5.41E+10 1.22E-03 3.29E+33 9.53E+05 2.47E+12 1.93E-02 1.12E+01 2.94E-11 r   4.6
5.42E+10 1.20E-03 3.29E+33 9.48E+05 2.41E+12 1.89E-02 1.13E+01 2.72E-11 r   4.6
5.43E+10 1.17E-03 3.29E+33 9.43E+05 2.35E+12 1.86E-02 1.13E+01 2.51E-11 r   4.6
5.44E+10 1.15E-03 3.29E+33 9.37E+05 2.29E+12 1.82E-02 1.13E+01 2.32E-11 r   4.6
5.44E+10 1.12E-03 3.29E+33 9.32E+05 2.23E+12 1.79E-02 1.14E+01 2.14E-11 r   4.6
5.45E+10 1.10E-03 3.29E+33 9.27E+05 2.17E+12 1.75E-02 1.14E+01 1.97E-11 r   4.6
5.46E+10 1.08E-03 3.29E+33 9.22E+05 2.12E+12 1.72E-02 1.14E+01 1.82E-11 r   4.6
5.46E+10 1.05E-03 3.29E+33 9.17E+05 2.07E+12 1.68E-02 1.15E+01 1.68E-11 r   4.6
5.47E+10 1.03E-03 3.29E+33 9.11E+05 2.01E+12 1.65E-02 1.15E+01 1.54E-11 r   4.6
5.48E+10 1.01E-03 3.29E+33 9.06E+05 1.96E+12 1.62E-02 1.15E+01 1.42E-11 r   4.6
5.49E+10 9.89E-04 3.29E+33 9.01E+05 1.91E+12 1.58E-02 1.16E+01 1.31E-11 r   4.6
5.49E+10 9.67E-04 3.29E+33 8.96E+05 1.86E+12 1.55E-02 1.16E+01 1.20E-11 r   4.6
5.50E+10 9.47E-04 3.29E+33 8.91E+05 1.82E+12 1.52E-02 1.17E+01 1.11E-11 r   4.6
5.51E+10 9.26E-04 3.29E+33 8.86E+05 1.77E+12 1.49E-02 1.17E+01 1.02E-11 r   4.6
5.51E+10 9.06E-04 3.29E+33 8.81E+05 1.72E+12 1.46E-02 1.17E+01 9.36E-12 r   4.6
5.52E+10 8.86E-04 3.29E+33 8.76E+05 1.68E+12 1.43E-02 1.18E+01 8.60E-12 r   4.6
5.53E+10 8.67E-04 3.29E+33 8.71E+05 1.63E+12 1.40E-02 1.18E+01 7.90E-12 r   4.6
5.54E+10 8.48E-04 3.29E+33 8.66E+05 1.59E+12 1.37E-02 1.18E+01 7.25E-12 r   4.6
5.54E+10 8.29E-04 3.29E+33 8.61E+05 1.55E+12 1.34E-02 1.19E+01 6.66E-12 r   4.6
5.55E+10 8.11E-04 3.29E+33 8.56E+05 1.51E+12 1.32E-02 1.19E+01 6.11E-12 r   4.6
5.56E+10 7.93E-04 3.29E+33 8.51E+05 1.47E+12 1.29E-02 1.20E+01 5.60E-12 r   4.6
5.56E+10 7.75E-04 3.29E+33 8.46E+05 1.43E+12 1.26E-02 1.20E+01 5.13E-12 r   4.6
5.57E+10 7.58E-04 3.29E+33 8.41E+05 1.39E+12 1.24E-02 1.20E+01 4.70E-12 r   4.6
5.58E+10 7.41E-04 3.29E+33 8.36E+05 1.36E+12 1.21E-02 1.21E+01 4.30E-12 r   4.6
5.59E+10 7.24E-04 3.29E+33 8.31E+05 1.32E+12 1.19E-02 1.21E+01 3.94E-12 r   4.6
5.59E+10 7.07E-04 3.29E+33 8.26E+05 1.28E+12 1.16E-02 1.22E+01 3.60E-12 r   4.6
5.60E+10 6.91E-04 3.29E+33 8.21E+05 1.25E+12 1.14E-02 1.22E+01 3.30E-12 r   4.6
5.61E+10 6.75E-04 3.29E+33 8.16E+05 1.22E+12 1.11E-02 1.22E+01 3.01E-12 r   4.6
5.61E+10 6.60E-04 3.29E+33 8.11E+05 1.18E+12 1.09E-02 1.23E+01 2.75E-12 r   4.6
5.62E+10 6.45E-04 3.29E+33 8.06E+05 1.15E+12 1.06E-02 1.23E+01 2.51E-12 r   4.6
5.63E+10 6.30E-04 3.29E+33 8.01E+05 1.12E+12 1.04E-02 1.24E+01 2.30E-12 r   4.6
5.64E+10 6.15E-04 3.29E+33 7.96E+05 1.09E+12 1.02E-02 1.24E+01 2.09E-12 r   4.6
5.64E+10 6.01E-04 3.29E+33 7.91E+05 1.06E+12 9.98E-03 1.24E+01 1.91E-12 r   4.6
5.65E+10 5.86E-04 3.29E+33 7.87E+05 1.03E+12 9.76E-03 1.25E+01 1.74E-12 r   4.6
5.66E+10 5.73E-04 3.29E+33 7.82E+05 1.00E+12 9.55E-03 1.25E+01 1.59E-12 r   4.6
5.66E+10 5.59E-04 3.29E+33 7.77E+05 9.73E+11 9.34E-03 1.26E+01 1.44E-12 r   4.6
5.67E+10 5.46E-04 3.29E+33 7.72E+05 9.46E+11 9.14E-03 1.26E+01 1.31E-12 r   4.6
5.68E+10 5.33E-04 3.29E+33 7.67E+05 9.19E+11 8.94E-03 1.27E+01 1.20E-12 r   4.6
5.68E+10 5.20E-04 3.29E+33 7.63E+05 8.94E+11 8.74E-03 1.27E+01 1.09E-12 r   4.6
5.69E+10 5.07E-04 3.29E+33 7.58E+05 8.68E+11 8.55E-03 1.27E+01 9.88E-13 r   4.6
5.70E+10 4.95E-04 3.29E+33 7.53E+05 8.44E+11 8.36E-03 1.28E+01 8.98E-13 r   4.6
5.71E+10 4.83E-04 3.29E+33 7.48E+05 8.20E+11 8.17E-03 1.28E+01 8.15E-13 r   4.6
5.71E+10 4.71E-04 3.29E+33 7.44E+05 7.96E+11 7.99E-03 1.29E+01 7.40E-13 r   4.6
5.72E+10 4.59E-04 3.29E+33 7.39E+05 7.74E+11 7.81E-03 1.29E+01 6.71E-13 r   4.6
5.73E+10 4.48E-04 3.29E+33 7.34E+05 7.51E+11 7.64E-03 1.30E+01 6.08E-13 r   4.6
5.73E+10 4.37E-04 3.29E+33 7.29E+05 7.30E+11 7.46E-03 1.30E+01 5.51E-13 r   4.6
5.74E+10 4.26E-04 3.29E+33 7.25E+05 7.09E+11 7.30E-03 1.31E+01 4.99E-13 r   4.6
5.75E+10 4.15E-04 3.29E+33 7.20E+05 6.88E+11 7.13E-03 1.31E+01 4.51E-13 r   4.6
5.76E+10 4.05E-04 3.29E+33 7.15E+05 6.68E+11 6.97E-03 1.32E+01 4.08E-13 r   4.6
5.76E+10 3.95E-04 3.29E+33 7.11E+05 6.48E+11 6.81E-03 1.32E+01 3.69E-13 r   4.6
5.77E+10 3.85E-04 3.29E+33 7.06E+05 6.29E+11 6.65E-03 1.33E+01 3.33E-13 r   4.6
5.78E+10 3.75E-04 3.29E+33 7.02E+05 6.11E+11 6.50E-03 1.33E+01 3.01E-13 r   4.6
5.78E+10 3.65E-04 3.29E+33 6.97E+05 5.93E+11 6.34E-03 1.34E+01 2.71E-13 r   4.6
5.79E+10 3.56E-04 3.29E+33 6.92E+05 5.75E+11 6.20E-03 1.34E+01 2.45E-13 r   4.6
5.80E+10 3.46E-04 3.29E+33 6.88E+05 5.58E+11 6.05E-03 1.35E+01 2.20E-13 r   4.6
5.81E+10 3.37E-04 3.29E+33 6.83E+05 5.41E+11 5.91E-03 1.35E+01 1.98E-13 r   4.6
5.81E+10 3.29E-04 3.29E+33 6.79E+05 5.25E+11 5.77E-03 1.36E+01 1.79E-13 r   4.6
5.82E+10 3.20E-04 3.29E+33 6.74E+05 5.09E+11 5.63E-03 1.36E+01 1.61E-13 r   4.6
5.83E+10 3.11E-04 3.29E+33 6.70E+05 4.93E+11 5.50E-03 1.37E+01 1.44E-13 r   4.6
5.83E+10 3.03E-04 3.29E+33 6.65E+05 4.78E+11 5.37E-03 1.37E+01 1.30E-13 r   4.6
5.84E+10 2.95E-04 3.29E+33 6.60E+05 4.64E+11 5.24E-03 1.38E+01 1.16E-13 r   4.6
5.85E+10 2.87E-04 3.29E+33 6.56E+05 4.49E+11 5.11E-03 1.38E+01 1.04E-13 r   4.6
5.86E+10 2.79E-04 3.29E+33 6.51E+05 4.35E+11 4.99E-03 1.39E+01 9.36E-14 r   4.6
5.86E+10 2.72E-04 3.29E+33 6.47E+05 4.22E+11 4.87E-03 1.39E+01 8.38E-14 r   4.6
5.87E+10 2.64E-04 3.29E+33 6.42E+05 4.09E+11 4.75E-03 1.40E+01 7.50E-14 r   4.6
5.88E+10 2.57E-04 3.29E+33 6.38E+05 3.96E+11 4.63E-03 1.40E+01 6.71E-14 r   4.6
5.88E+10 2.50E-04 3.29E+33 6.34E+05 3.84E+11 4.52E-03 1.41E+01 6.00E-14 r   4.6
5.89E+10 2.43E-04 3.29E+33 6.29E+05 3.71E+11 4.40E-03 1.41E+01 5.36E-14 r   4.6
5.90E+10 2.36E-04 3.29E+33 6.25E+05 3.60E+11 4.29E-03 1.42E+01 4.78E-14 r   4.6
5.91E+10 2.30E-04 3.29E+33 6.20E+05 3.48E+11 4.19E-03 1.43E+01 4.26E-14 r   4.6
5.91E+10 2.23E-04 3.29E+33 6.16E+05 3.37E+11 4.08E-03 1.43E+01 3.80E-14 r   4.6
5.92E+10 2.17E-04 3.29E+33 6.11E+05 3.26E+11 3.98E-03 1.44E+01 3.38E-14 r   4.6
5.93E+10 2.11E-04 3.29E+33 6.07E+05 3.16E+11 3.88E-03 1.44E+01 3.01E-14 r   4.6
5.93E+10 2.05E-04 3.29E+33 6.03E+05 3.05E+11 3.78E-03 1.45E+01 2.68E-14 r   4.6
5.94E+10 1.99E-04 3.29E+33 5.98E+05 2.95E+11 3.68E-03 1.46E+01 2.38E-14 r   4.6
5.95E+10 1.93E-04 3.29E+33 5.94E+05 2.86E+11 3.59E-03 1.46E+01 2.11E-14 r   4.6
5.95E+10 1.87E-04 3.29E+33 5.90E+05 2.76E+11 3.49E-03 1.47E+01 1.87E-14 r   4.6
5.96E+10 1.82E-04 3.29E+33 5.85E+05 2.67E+11 3.40E-03 1.47E+01 1.66E-14 r   4.6
5.97E+10 1.76E-04 3.29E+33 5.81E+05 2.58E+11 3.31E-03 1.48E+01 1.47E-14 r   4.6
5.98E+10 1.71E-04 3.29E+33 5.77E+05 2.49E+11 3.23E-03 1.49E+01 1.30E-14 r   4.6
5.98E+10 1.66E-04 3.29E+33 5.72E+05 2.41E+11 3.14E-03 1.49E+01 1.15E-14 r   4.6
5.99E+10 1.61E-04 3.29E+33 5.68E+05 2.33E+11 3.06E-03 1.50E+01 1.01E-14 r   4.6
6.00E+10 1.56E-04 3.29E+33 5.64E+05 2.25E+11 2.98E-03 1.50E+01 8.95E-15 r   4.6
6.00E+10 1.51E-04 3.29E+33 5.59E+05 2.17E+11 2.90E-03 1.51E+01 7.89E-15 r   4.6
6.01E+10 1.47E-04 3.29E+33 5.55E+05 2.10E+11 2.82E-03 1.52E+01 6.95E-15 r   4.6
6.02E+10 1.42E-04 3.29E+33 5.51E+05 2.03E+11 2.74E-03 1.52E+01 6.11E-15 r   4.6
6.03E+10 1.38E-04 3.29E+33 5.47E+05 1.96E+11 2.67E-03 1.53E+01 5.37E-15 r   4.6
6.03E+10 1.34E-04 3.29E+33 5.42E+05 1.89E+11 2.60E-03 1.54E+01 4.72E-15 r   4.6
6.04E+10 1.29E-04 3.29E+33 5.38E+05 1.82E+11 2.52E-03 1.54E+01 4.14E-15 r   4.6
6.05E+10 1.25E-04 3.29E+33 5.34E+05 1.76E+11 2.45E-03 1.55E+01 3.63E-15 r   4.6
6.05E+10 1.21E-04 3.29E+33 5.30E+05 1.69E+11 2.39E-03 1.56E+01 3.18E-15 r   4.6
6.06E+10 1.18E-04 3.29E+33 5.26E+05 1.63E+11 2.32E-03 1.57E+01 2.78E-15 r   4.6
6.07E+10 1.14E-04 3.29E+33 5.21E+05 1.58E+11 2.25E-03 1.57E+01 2.43E-15 r   4.6
6.08E+10 1.10E-04 3.29E+33 5.17E+05 1.52E+11 2.19E-03 1.58E+01 2.12E-15 r   4.6
6.08E+10 1.06E-04 3.29E+33 5.13E+05 1.46E+11 2.13E-03 1.59E+01 1.85E-15 r   4.6
6.09E+10 1.03E-04 3.29E+33 5.09E+05 1.41E+11 2.07E-03 1.59E+01 1.61E-15 r   4.6
6.10E+10 9.96E-05 3.29E+33 5.05E+05 1.36E+11 2.01E-03 1.60E+01 1.40E-15 r   4.6
6.10E+10 9.63E-05 3.29E+33 5.01E+05 1.31E+11 1.95E-03 1.61E+01 1.22E-15 r   4.6
6.11E+10 9.31E-05 3.29E+33 4.97E+05 1.26E+11 1.89E-03 1.62E+01 1.06E-15 r   4.6
6.12E+10 8.99E-05 3.29E+33 4.92E+05 1.21E+11 1.84E-03 1.62E+01 9.15E-16 r   4.6
6.13E+10 8.69E-05 3.29E+33 4.88E+05 1.17E+11 1.78E-03 1.63E+01 7.92E-16 r   4.6
6.13E+10 8.39E-05 3.29E+33 4.84E+05 1.12E+11 1.73E-03 1.64E+01 6.85E-16 r   4.6
6.14E+10 8.11E-05 3.29E+33 4.80E+05 1.08E+11 1.68E-03 1.65E+01 5.92E-16 r   4.6
6.15E+10 7.83E-05 3.29E+33 4.76E+05 1.04E+11 1.63E-03 1.66E+01 5.10E-16 r   4.6
6.15E+10 7.55E-05 3.29E+33 4.72E+05 9.99E+10 1.58E-03 1.66E+01 4.40E-16 r   4.6
6.16E+10 7.29E-05 3.29E+33 4.68E+05 9.60E+10 1.53E-03 1.67E+01 3.78E-16 r   4.6
6.17E+10 7.03E-05 3.29E+33 4.64E+05 9.23E+10 1.48E-03 1.68E+01 3.25E-16 r   4.6
6.18E+10 6.78E-05 3.29E+33 4.60E+05 8.87E+10 1.44E-03 1.69E+01 2.79E-16 r   4.6
6.18E+10 6.54E-05 3.29E+33 4.56E+05 8.52E+10 1.39E-03 1.70E+01 2.39E-16 r   4.6
6.19E+10 6.30E-05 3.29E+33 4.52E+05 8.18E+10 1.35E-03 1.71E+01 2.05E-16 r   4.6
6.20E+10 6.07E-05 3.29E+33 4.48E+05 7.85E+10 1.31E-03 1.71E+01 1.75E-16 r   4.6
6.20E+10 5.85E-05 3.29E+33 4.44E+05 7.54E+10 1.27E-03 1.72E+01 1.49E-16 r   4.6
6.21E+10 5.64E-05 3.29E+33 4.40E+05 7.23E+10 1.23E-03 1.73E+01 1.27E-16 r   4.6
6.22E+10 5.43E-05 3.29E+33 4.36E+05 6.94E+10 1.19E-03 1.74E+01 1.08E-16 r   4.6
6.22E+10 5.22E-05 3.29E+33 4.32E+05 6.65E+10 1.15E-03 1.75E+01 9.20E-17 r   4.6
6.23E+10 5.03E-05 3.29E+33 4.28E+05 6.38E+10 1.11E-03 1.76E+01 7.80E-17 r   4.6
6.24E+10 4.84E-05 3.29E+33 4.24E+05 6.11E+10 1.08E-03 1.77E+01 6.61E-17 r   4.6
6.25E+10 4.65E-05 3.29E+33 4.20E+05 5.86E+10 1.04E-03 1.78E+01 5.59E-17 r   4.6
6.25E+10 4.47E-05 3.29E+33 4.16E+05 5.61E+10 1.01E-03 1.79E+01 4.72E-17 r   4.6
6.26E+10 4.30E-05 3.29E+33 4.12E+05 5.37E+10 9.72E-04 1.80E+01 3.98E-17 r   4.6
6.27E+10 4.13E-05 3.29E+33 4.08E+05 5.14E+10 9.39E-04 1.81E+01 3.35E-17 r   4.6
6.27E+10 3.97E-05 3.29E+33 4.04E+05 4.92E+10 9.08E-04 1.82E+01 2.81E-17 r   4.6
6.28E+10 3.81E-05 3.29E+33 4.00E+05 4.71E+10 8.77E-04 1.83E+01 2.36E-17 r   4.6
6.29E+10 3.66E-05 3.29E+33 3.97E+05 4.50E+10 8.47E-04 1.84E+01 1.97E-17 r   4.6
6.30E+10 3.51E-05 3.29E+33 3.93E+05 4.30E+10 8.17E-04 1.85E+01 1.65E-17 r   4.6
6.30E+10 3.37E-05 3.29E+33 3.89E+05 4.11E+10 7.89E-04 1.86E+01 1.37E-17 r   4.6
6.31E+10 3.23E-05 3.29E+33 3.85E+05 3.93E+10 7.61E-04 1.87E+01 1.14E-17 r   4.6
6.32E+10 3.09E-05 3.29E+33 3.81E+05 3.75E+10 7.34E-04 1.88E+01 9.50E-18 r   4.6
6.32E+10 2.96E-05 3.29E+33 3.77E+05 3.58E+10 7.08E-04 1.89E+01 7.88E-18 r   4.6
6.33E+10 2.84E-05 3.29E+33 3.73E+05 3.42E+10 6.83E-04 1.90E+01 6.52E-18 r   4.6
6.34E+10 2.72E-05 3.29E+33 3.70E+05 3.26E+10 6.58E-04 1.91E+01 5.38E-18 r   4.6
6.35E+10 2.60E-05 3.29E+33 3.66E+05 3.11E+10 6.34E-04 1.93E+01 4.43E-18 r   4.6
6.35E+10 2.49E-05 3.29E+33 3.62E+05 2.96E+10 6.11E-04 1.94E+01 3.64E-18 r   4.6
6.36E+10 2.38E-05 3.29E+33 3.58E+05 2.82E+10 5.88E-04 1.95E+01 2.99E-18 r   4.6
6.37E+10 2.28E-05 3.29E+33 3.54E+05 2.69E+10 5.66E-04 1.96E+01 2.45E-18 r   4.6
6.37E+10 2.17E-05 3.29E+33 3.51E+05 2.56E+10 5.45E-04 1.97E+01 2.00E-18 r   4.6
6.38E+10 2.08E-05 3.29E+33 3.47E+05 2.44E+10 5.24E-04 1.99E+01 1.63E-18 r   4.6
6.39E+10 1.98E-05 3.29E+33 3.43E+05 2.32E+10 5.04E-04 2.00E+01 1.32E-18 r   4.6
6.40E+10 1.89E-05 3.29E+33 3.39E+05 2.20E+10 4.84E-04 2.01E+01 1.07E-18 r   4.6
6.40E+10 1.80E-05 3.29E+33 3.36E+05 2.09E+10 4.65E-04 2.02E+01 8.67E-19 r   4.6
6.41E+10 1.72E-05 3.29E+33 3.32E+05 1.99E+10 4.47E-04 2.04E+01 7.00E-19 r   4.6
6.42E+10 1.64E-05 3.29E+33 3.28E+05 1.89E+10 4.29E-04 2.05E+01 5.63E-19 r   4.6
6.42E+10 1.56E-05 3.29E+33 3.24E+05 1.79E+10 4.12E-04 2.06E+01 4.52E-19 r   4.6
6.43E+10 1.49E-05 3.29E+33 3.21E+05 1.70E+10 3.95E-04 2.08E+01 3.61E-19 r   4.6
6.44E+10 1.41E-05 3.29E+33 3.17E+05 1.61E+10 3.79E-04 2.09E+01 2.88E-19 r   4.6
6.45E+10 1.35E-05 3.29E+33 3.13E+05 1.53E+10 3.64E-04 2.11E+01 2.29E-19 r   4.6
6.45E+10 1.28E-05 3.29E+33 3.10E+05 1.45E+10 3.49E-04 2.12E+01 1.82E-19 r   4.6
6.46E+10 1.22E-05 3.29E+33 3.06E+05 1.37E+10 3.34E-04 2.13E+01 1.44E-19 r   4.6
6.47E+10 1.15E-05 3.29E+33 3.02E+05 1.30E+10 3.20E-04 2.15E+01 1.13E-19 r   4.6
6.47E+10 1.10E-05 3.29E+33 2.99E+05 1.23E+10 3.06E-04 2.16E+01 8.91E-20 r   4.6
6.48E+10 1.04E-05 3.29E+33 2.95E+05 1.16E+10 2.93E-04 2.18E+01 6.98E-20 r   4.6
6.49E+10 9.85E-06 3.29E+33 2.91E+05 1.09E+10 2.80E-04 2.20E+01 5.45E-20 r   4.6
6.49E+10 9.33E-06 3.29E+33 2.88E+05 1.03E+10 2.68E-04 2.21E+01 4.24E-20 r   4.6
6.50E+10 8.83E-06 3.29E+33 2.84E+05 9.74E+09 2.56E-04 2.23E+01 3.29E-20 r   4.6
6.51E+10 8.36E-06 3.29E+33 2.80E+05 9.18E+09 2.44E-04 2.25E+01 2.54E-20 r   4.6
6.52E+10 7.90E-06 3.29E+33 2.77E+05 8.65E+09 2.33E-04 2.26E+01 1.95E-20 r   4.6
6.52E+10 7.47E-06 3.29E+33 2.73E+05 8.15E+09 2.22E-04 2.28E+01 1.50E-20 r   4.6
6.53E+10 7.05E-06 3.29E+33 2.69E+05 7.67E+09 2.12E-04 2.30E+01 1.14E-20 r   4.6
6.54E+10 6.66E-06 3.29E+33 2.66E+05 7.21E+09 2.02E-04 2.32E+01 8.69E-21 r   4.6
6.54E+10 6.28E-06 3.29E+33 2.62E+05 6.77E+09 1.93E-04 2.33E+01 6.58E-21 r   4.6
6.55E+10 5.91E-06 3.29E+33 2.59E+05 6.36E+09 1.83E-04 2.35E+01 4.96E-21 r   4.6
6.56E+10 5.57E-06 3.29E+33 2.55E+05 5.97E+09 1.74E-04 2.37E+01 3.72E-21 r   4.6
6.57E+10 5.24E-06 3.29E+33 2.52E+05 5.60E+09 1.66E-04 2.39E+01 2.78E-21 r   4.6
6.57E+10 4.93E-06 3.29E+33 2.48E+05 5.24E+09 1.58E-04 2.41E+01 2.07E-21 r   4.6
6.58E+10 4.63E-06 3.29E+33 2.44E+05 4.91E+09 1.50E-04 2.43E+01 1.53E-21 r   4.6
6.59E+10 4.35E-06 3.29E+33 2.41E+05 4.59E+09 1.42E-04 2.45E+01 1.13E-21 r   4.6
6.59E+10 4.08E-06 3.29E+33 2.37E+05 4.29E+09 1.35E-04 2.47E+01 8.27E-22 r   4.6
6.60E+10 3.82E-06 3.29E+33 2.34E+05 4.01E+09 1.28E-04 2.49E+01 6.03E-22 r   4.6
6.61E+10 3.58E-06 3.29E+33 2.30E+05 3.74E+09 1.21E-04 2.52E+01 4.37E-22 r   4.6
6.62E+10 3.34E-06 3.29E+33 2.27E+05 3.48E+09 1.14E-04 2.54E+01 3.15E-22 r   4.6
6.62E+10 3.13E-06 3.29E+33 2.23E+05 3.24E+09 1.08E-04 2.56E+01 2.26E-22 r   4.6
6.63E+10 2.92E-06 3.29E+33 2.20E+05 3.02E+09 1.02E-04 2.59E+01 1.61E-22 r   4.6
6.64E+10 2.72E-06 3.29E+33 2.16E+05 2.81E+09 9.66E-05 2.61E+01 1.14E-22 r   4.6
6.64E+10 2.54E-06 3.29E+33 2.13E+05 2.60E+09 9.12E-05 2.64E+01 8.00E-23 r   4.6
6.65E+10 2.36E-06 3.29E+33 2.09E+05 2.42E+09 8.59E-05 2.66E+01 5.59E-23 r   4.6
6.66E+10 2.19E-06 3.29E+33 2.06E+05 2.24E+09 8.10E-05 2.69E+01 3.88E-23 r   4.6
6.67E+10 2.04E-06 3.29E+33 2.03E+05 2.07E+09 7.62E-05 2.71E+01 2.67E-23 r   4.6
6.67E+10 1.89E-06 3.29E+33 1.99E+05 1.91E+09 7.16E-05 2.74E+01 1.83E-23 r   4.6
6.68E+10 1.75E-06 3.29E+33 1.96E+05 1.77E+09 6.73E-05 2.77E+01 1.24E-23 r   4.6
6.69E+10 1.62E-06 3.29E+33 1.92E+05 1.63E+09 6.32E-05 2.80E+01 8.35E-24 r   4.6
6.69E+10 1.50E-06 3.29E+33 1.89E+05 1.50E+09 5.92E-05 2.83E+01 5.57E-24 r   4.6
6.70E+10 1.38E-06 3.29E+33 1.85E+05 1.38E+09 5.55E-05 2.86E+01 3.69E-24 r   4.6
6.71E+10 1.27E-06 3.29E+33 1.82E+05 1.27E+09 5.19E-05 2.89E+01 2.42E-24 r   4.6
6.72E+10 1.17E-06 3.29E+33 1.79E+05 1.16E+09 4.85E-05 2.92E+01 1.57E-24 r   4.6
6.72E+10 1.08E-06 3.29E+33 1.75E+05 1.06E+09 4.53E-05 2.96E+01 1.01E-24 r   4.6
6.73E+10 9.88E-07 3.29E+33 1.72E+05 9.73E+08 4.22E-05 2.99E+01 6.44E-25 r   4.6
6.74E+10 9.06E-07 3.29E+33 1.68E+05 8.89E+08 3.93E-05 3.02E+01 4.06E-25 r   4.6
6.74E+10 8.28E-07 3.29E+33 1.65E+05 8.10E+08 3.66E-05 3.06E+01 2.53E-25 r   4.6
6.75E+10 7.56E-07 3.29E+33 1.62E+05 7.37E+08 3.39E-05 3.10E+01 1.56E-25 r   4.6
6.76E+10 6.89E-07 3.29E+33 1.58E+05 6.69E+08 3.15E-05 3.14E+01 9.49E-26 r   4.6
6.76E+10 6.27E-07 3.29E+33 1.55E+05 6.07E+08 2.92E-05 3.18E+01 5.71E-26 r   4.6
6.77E+10 5.69E-07 3.29E+33 1.52E+05 5.49E+08 2.70E-05 3.22E+01 3.38E-26 r   4.6
6.78E+10 5.16E-07 3.29E+33 1.48E+05 4.96E+08 2.49E-05 3.26E+01 1.98E-26 r   4.6
6.79E+10 4.66E-07 3.29E+33 1.45E+05 4.47E+08 2.29E-05 3.30E+01 1.14E-26 r   4.6
6.79E+10 4.21E-07 3.29E+33 1.42E+05 4.02E+08 2.11E-05 3.35E+01 6.48E-27 r   4.6
6.80E+10 3.79E-07 3.29E+33 1.38E+05 3.60E+08 1.94E-05 3.40E+01 3.62E-27 r   4.6
6.81E+10 3.40E-07 3.29E+33 1.35E+05 3.23E+08 1.78E-05 3.45E+01 1.99E-27 r   4.6
6.81E+10 3.05E-07 3.29E+33 1.32E+05 2.88E+08 1.63E-05 3.50E+01 1.07E-27 r   4.6
6.82E+10 2.72E-07 3.29E+33 1.29E+05 2.56E+08 1.49E-05 3.55E+01 5.68E-28 r   4.6
6.83E+10 2.43E-07 3.29E+33 1.25E+05 2.28E+08 1.35E-05 3.60E+01 2.95E-28 r   4.6
6.84E+10 2.16E-07 3.29E+33 1.22E+05 2.02E+08 1.23E-05 3.66E+01 1.50E-28 r   4.6
6.84E+10 1.91E-07 3.29E+33 1.19E+05 1.78E+08 1.12E-05 3.72E+01 7.45E-29 r   4.6
6.85E+10 1.69E-07 3.29E+33 1.15E+05 1.57E+08 1.01E-05 3.78E+01 3.61E-29 r   4.6
6.86E+10 1.48E-07 3.29E+33 1.12E+05 1.37E+08 9.11E-06 3.85E+01 1.71E-29 r   4.6
6.86E+10 1.30E-07 3.29E+33 1.09E+05 1.20E+08 8.20E-06 3.91E+01 7.87E-30 r   4.6
6.87E+10 1.14E-07 3.29E+33 1.06E+05 1.04E+08 7.35E-06 3.99E+01 3.52E-30 r   4.6
6.88E+10 9.89E-08 3.29E+33 1.02E+05 9.05E+07 6.58E-06 4.06E+01 1.53E-30 r   4.6
6.89E+10 8.57E-08 3.29E+33 9.93E+04 7.82E+07 5.86E-06 4.14E+01 6.42E-31 r   4.6
6.89E+10 7.39E-08 3.29E+33 9.60E+04 6.72E+07 5.21E-06 4.22E+01 2.60E-31 r   4.6
6.90E+10 6.34E-08 3.29E+33 9.28E+04 5.74E+07 4.61E-06 4.31E+01 1.01E-31 r   4.6
6.91E+10 5.42E-08 3.29E+33 8.96E+04 4.89E+07 4.06E-06 4.40E+01 3.80E-32 r   4.6
6.91E+10 4.60E-08 3.29E+33 8.64E+04 4.14E+07 3.56E-06 4.49E+01 1.36E-32 r   4.6
6.92E+10 3.88E-08 3.29E+33 8.32E+04 3.48E+07 3.11E-06 4.60E+01 4.65E-33 r   4.6
6.93E+10 3.26E-08 3.29E+33 8.01E+04 2.91E+07 2.70E-06 4.70E+01 1.50E-33 r   4.6
6.94E+10 2.72E-08 3.29E+33 7.69E+04 2.41E+07 2.34E-06 4.82E+01 4.60E-34 r   4.6
6.94E+10 2.25E-08 3.29E+33 7.37E+04 1.99E+07 2.01E-06 4.94E+01 1.32E-34 r   4.6
6.95E+10 1.84E-08 3.29E+33 7.05E+04 1.63E+07 1.71E-06 5.07E+01 3.55E-35 r   4.6
6.96E+10 1.50E-08 3.29E+33 6.74E+04 1.32E+07 1.45E-06 5.21E+01 8.83E-36 r   4.6
6.96E+10 1.21E-08 3.29E+33 6.42E+04 1.06E+07 1.22E-06 5.37E+01 2.02E-36 r   4.6
6.97E+10 9.65E-09 3.29E+33 6.11E+04 8.40E+06 1.02E-06 5.53E+01 4.20E-37 r   4.6
6.98E+10 7.62E-09 3.29E+33 5.80E+04 6.59E+06 8.45E-07 5.71E+01 7.87E-38 r   4.6
6.99E+10 5.94E-09 3.29E+33 5.48E+04 5.11E+06 6.92E-07 5.90E+01 1.31E-38 r   4.6
6.99E+10 4.57E-09 3.29E+33 5.17E+04 3.90E+06 5.61E-07 6.11E+01 1.91E-39 r   4.6
7.00E+10 3.46E-09 3.29E+33 4.86E+04 2.93E+06 4.48E-07 6.34E+01 2.39E-40 r   4.6
7.01E+10 2.58E-09 3.29E+33 4.55E+04 2.16E+06 3.53E-07 6.60E+01 2.50E-41 r   4.6
7.01E+10 1.90E-09 3.29E+33 4.24E+04 1.56E+06 2.74E-07 6.89E+01 2.14E-42 r   4.6
7.02E+10 1.36E-09 3.29E+33 3.93E+04 1.10E+06 2.09E-07 7.21E+01 1.44E-43 r   4.6
7.03E+10 9.63E-10 3.29E+33 3.62E+04 7.58E+05 1.55E-07 7.57E+01 7.27E-45 r   4.6
7.03E+10 6.68E-10 3.29E+33 3.32E+04 5.04E+05 1.13E-07 7.99E+01 2.61E-46 r   4.7
7.04E+10 4.17E-10 3.29E+33 2.98E+04 3.07E+05 7.64E-08 8.48E+01 4.25E-48 r   4.7
7.05E+10 2.47E-10 3.29E+33 2.65E+04 1.76E+05 4.94E-08 9.06E+01 3.64E-50 r   4.7
7.06E+10 1.37E-10 3.29E+33 2.31E+04 9.41E+04 3.02E-08 9.75E+01 1.34E-52 r   4.7
7.06E+10 6.92E-11 3.29E+33 1.98E+04 4.55E+04 1.70E-08 1.06E+02 1.54E-55 r   4.7
7.07E+10 3.11E-11 3.29E+33 1.65E+04 1.92E+04 8.61E-09 1.17E+02 3.36E-59 r   4.7
7.08E+10 1.18E-11 3.29E+33 1.32E+04 6.64E+03 3.72E-09 1.30E+02 5.65E-64 r   4.8
7.08E+10 3.40E-12 3.29E+33 9.88E+03 1.66E+03 1.24E-09 1.48E+02 1.20E-70 r   4.9
7.09E+10 6.08E-13 3.29E+33 6.58E+03 2.26E+02 2.52E-10 1.72E+02 3.79E-81 r   4.8
7.10E+10 3.94E-14 3.29E+33 3.29E+03 7.97E+00 1.75E-11 2.30E+02 1.67E-102 r   4.2
7.11E+10 0.00E+00 3.29E+33 0.00E+00 0.00E+00 0.00E+00 0.00E+00 0.00E+00 r   4.2
