A Homogeneous Main-Sequence Model
 The surface conditions are:        The central conditions are:
 Mtot =  7.500000E-01 Msun          Mc/Mtot     =  2.94662E-04
 Rtot =  9.786486E-01 Rsun          Rc/Rtot     =  1.70000E-02
 Ltot =  1.877000E-01 Lsun          Lc/Ltot     =  8.14922E-02
 Teff =  3.839100E+03 K             Density     =  6.75920E+01
 X    =  7.000000E-01               Temperature =  1.11109E+07
 Y    =  2.920000E-01               Pressure    =  1.00558E+17 dynes/cm**2
 Z    =  8.000000E-03               epsilon     =  1.33139E+02 ergs/s/g
                                    dlnP/dlnT   =  2.49875E+00
Notes:
 (1) Mass is listed as Qm = 1.0 - M_r/Mtot, where Mtot =     1.989e+33
 (2) Convective zones are indicated by c, radiative zones by r
 (3) dlnP/dlnT may be limited to +99.9 or -99.9# if so it is
 labeled by *
   r        Qm       L_r       T        P        rho      kap      eps     dlPdlT
1.16E+09 1.00E+00 5.85E+31 1.10E+07 9.97E+16 6.75E+01 2.52E+00 4.57E+00 c   2.5
1.84E+09 9.99E-01 6.44E+31 1.10E+07 9.84E+16 6.70E+01 2.54E+00 4.43E+00 c   2.5
2.52E+09 9.97E-01 7.62E+31 1.09E+07 9.65E+16 6.63E+01 2.58E+00 4.23E+00 c   2.5
3.20E+09 9.94E-01 9.52E+31 1.08E+07 9.42E+16 6.53E+01 2.63E+00 3.98E+00 c   2.5
3.88E+09 9.89E-01 1.22E+32 1.06E+07 9.13E+16 6.41E+01 2.69E+00 3.70E+00 c   2.5
4.56E+09 9.83E-01 1.56E+32 1.05E+07 8.80E+16 6.27E+01 2.77E+00 3.38E+00 c   2.5
5.24E+09 9.74E-01 1.97E+32 1.03E+07 8.43E+16 6.11E+01 2.86E+00 3.04E+00 c   2.4
5.93E+09 9.63E-01 2.43E+32 1.01E+07 8.02E+16 5.93E+01 2.98E+00 2.69E+00 r   2.5
6.61E+09 9.50E-01 2.92E+32 9.88E+06 7.59E+16 5.74E+01 3.10E+00 2.35E+00 r   2.7
7.29E+09 9.35E-01 3.43E+32 9.65E+06 7.14E+16 5.52E+01 3.24E+00 2.03E+00 r   2.8
7.97E+09 9.17E-01 3.94E+32 9.42E+06 6.67E+16 5.29E+01 3.38E+00 1.73E+00 r   2.8
8.65E+09 8.96E-01 4.42E+32 9.18E+06 6.20E+16 5.04E+01 3.53E+00 1.46E+00 r   2.9
9.33E+09 8.73E-01 4.88E+32 8.93E+06 5.72E+16 4.79E+01 3.69E+00 1.22E+00 r   3.0
1.00E+10 8.48E-01 5.29E+32 8.68E+06 5.26E+16 4.52E+01 3.86E+00 1.00E+00 r   3.1
1.07E+10 8.21E-01 5.66E+32 8.42E+06 4.80E+16 4.25E+01 4.04E+00 8.16E-01 r   3.1
1.14E+10 7.93E-01 5.97E+32 8.17E+06 4.36E+16 3.98E+01 4.23E+00 6.56E-01 r   3.2
1.21E+10 7.62E-01 6.23E+32 7.91E+06 3.93E+16 3.71E+01 4.43E+00 5.22E-01 r   3.3
1.27E+10 7.31E-01 6.45E+32 7.66E+06 3.53E+16 3.45E+01 4.63E+00 4.11E-01 r   3.4
1.34E+10 6.98E-01 6.63E+32 7.41E+06 3.16E+16 3.18E+01 4.84E+00 3.20E-01 r   3.4
1.41E+10 6.65E-01 6.77E+32 7.16E+06 2.81E+16 2.93E+01 5.06E+00 2.47E-01 r   3.5
1.48E+10 6.32E-01 6.88E+32 6.91E+06 2.49E+16 2.69E+01 5.27E+00 1.89E-01 r   3.6
1.55E+10 5.98E-01 6.96E+32 6.67E+06 2.20E+16 2.46E+01 5.50E+00 1.43E-01 r   3.6
1.61E+10 5.64E-01 7.02E+32 6.44E+06 1.93E+16 2.24E+01 5.72E+00 1.07E-01 r   3.7
1.68E+10 5.31E-01 7.07E+32 6.21E+06 1.69E+16 2.03E+01 5.95E+00 8.00E-02 r   3.7
1.75E+10 4.98E-01 7.10E+32 5.99E+06 1.47E+16 1.84E+01 6.18E+00 5.91E-02 r   3.8
1.82E+10 4.67E-01 7.13E+32 5.77E+06 1.28E+16 1.66E+01 6.41E+00 4.34E-02 r   3.9
1.89E+10 4.36E-01 7.14E+32 5.56E+06 1.11E+16 1.49E+01 6.64E+00 3.16E-02 r   3.9
1.95E+10 4.06E-01 7.16E+32 5.36E+06 9.59E+15 1.34E+01 6.87E+00 2.29E-02 r   4.0
2.02E+10 3.77E-01 7.16E+32 5.16E+06 8.27E+15 1.20E+01 7.10E+00 1.65E-02 r   4.0
2.09E+10 3.50E-01 7.17E+32 4.97E+06 7.12E+15 1.07E+01 7.33E+00 1.18E-02 r   4.0
2.16E+10 3.23E-01 7.17E+32 4.79E+06 6.11E+15 9.53E+00 7.55E+00 8.38E-03 r   4.1
2.23E+10 2.99E-01 7.18E+32 4.61E+06 5.24E+15 8.48E+00 7.78E+00 5.92E-03 r   4.1
2.30E+10 2.75E-01 7.18E+32 4.44E+06 4.48E+15 7.54E+00 8.01E+00 4.17E-03 r   4.2
2.36E+10 2.53E-01 7.18E+32 4.27E+06 3.83E+15 6.69E+00 8.24E+00 2.91E-03 r   4.2
2.43E+10 2.32E-01 7.18E+32 4.12E+06 3.26E+15 5.92E+00 8.46E+00 2.03E-03 r   4.2
2.50E+10 2.13E-01 7.18E+32 3.96E+06 2.78E+15 5.24E+00 8.69E+00 1.40E-03 r   4.2
2.57E+10 1.95E-01 7.18E+32 3.81E+06 2.37E+15 4.63E+00 8.92E+00 9.68E-04 r   4.3
2.64E+10 1.78E-01 7.18E+32 3.67E+06 2.01E+15 4.09E+00 9.15E+00 6.64E-04 r   4.3
2.70E+10 1.62E-01 7.18E+32 3.53E+06 1.71E+15 3.61E+00 9.38E+00 4.53E-04 r   4.3
2.77E+10 1.47E-01 7.18E+32 3.40E+06 1.45E+15 3.18E+00 9.61E+00 3.08E-04 r   4.3
2.84E+10 1.34E-01 7.18E+32 3.27E+06 1.23E+15 2.80E+00 9.84E+00 2.08E-04 r   4.3
2.91E+10 1.22E-01 7.18E+32 3.15E+06 1.04E+15 2.46E+00 1.01E+01 1.40E-04 r   4.4
2.98E+10 1.10E-01 7.18E+32 3.03E+06 8.79E+14 2.16E+00 1.03E+01 9.36E-05 r   4.4
3.04E+10 9.95E-02 7.18E+32 2.92E+06 7.43E+14 1.90E+00 1.06E+01 6.24E-05 r   4.4
3.11E+10 8.98E-02 7.18E+32 2.81E+06 6.27E+14 1.67E+00 1.08E+01 4.13E-05 r   4.4
3.18E+10 8.09E-02 7.18E+32 2.70E+06 5.29E+14 1.46E+00 1.10E+01 2.72E-05 r   4.4
3.25E+10 7.28E-02 7.18E+32 2.60E+06 4.46E+14 1.28E+00 1.13E+01 1.79E-05 r   4.4
3.32E+10 6.54E-02 7.18E+32 2.50E+06 3.76E+14 1.12E+00 1.15E+01 1.16E-05 r   4.4
3.39E+10 5.86E-02 7.18E+32 2.40E+06 3.16E+14 9.82E-01 1.18E+01 7.54E-06 r   4.4
3.45E+10 5.24E-02 7.18E+32 2.31E+06 2.66E+14 8.59E-01 1.20E+01 4.86E-06 r   4.5
3.52E+10 4.68E-02 7.18E+32 2.22E+06 2.23E+14 7.50E-01 1.23E+01 3.11E-06 r   4.5
3.59E+10 4.17E-02 7.18E+32 2.14E+06 1.87E+14 6.55E-01 1.26E+01 1.98E-06 r   4.5
3.66E+10 3.71E-02 7.18E+32 2.05E+06 1.57E+14 5.71E-01 1.29E+01 1.25E-06 r   4.5
3.73E+10 3.30E-02 7.18E+32 1.97E+06 1.31E+14 4.97E-01 1.31E+01 7.82E-07 r   4.5
3.79E+10 2.92E-02 7.18E+32 1.90E+06 1.10E+14 4.32E-01 1.34E+01 4.86E-07 r   4.5
3.86E+10 2.58E-02 7.18E+32 1.82E+06 9.17E+13 3.76E-01 1.37E+01 3.00E-07 r   4.5
3.93E+10 2.28E-02 7.18E+32 1.75E+06 7.64E+13 3.26E-01 1.40E+01 1.83E-07 r   4.5
4.00E+10 2.00E-02 7.18E+32 1.68E+06 6.36E+13 2.83E-01 1.43E+01 1.11E-07 r   4.5
4.07E+10 1.76E-02 7.18E+32 1.61E+06 5.28E+13 2.45E-01 1.47E+01 6.66E-08 r   4.5
4.13E+10 1.54E-02 7.18E+32 1.55E+06 4.38E+13 2.11E-01 1.50E+01 3.95E-08 r   4.5
4.20E+10 1.34E-02 7.18E+32 1.48E+06 3.62E+13 1.82E-01 1.54E+01 2.32E-08 r   4.5
4.27E+10 1.17E-02 7.18E+32 1.42E+06 2.99E+13 1.57E-01 1.57E+01 1.35E-08 r   4.5
4.34E+10 1.01E-02 7.18E+32 1.36E+06 2.46E+13 1.35E-01 1.61E+01 7.71E-09 r   4.5
4.35E+10 9.98E-03 7.18E+32 1.36E+06 2.41E+13 1.33E-01 1.61E+01 7.29E-09 r   4.5
4.35E+10 9.84E-03 7.18E+32 1.35E+06 2.37E+13 1.31E-01 1.62E+01 6.89E-09 r   4.5
4.36E+10 9.69E-03 7.18E+32 1.34E+06 2.32E+13 1.29E-01 1.62E+01 6.51E-09 r   4.5
4.37E+10 9.55E-03 7.18E+32 1.34E+06 2.28E+13 1.27E-01 1.62E+01 6.15E-09 r   4.5
4.37E+10 9.42E-03 7.18E+32 1.33E+06 2.23E+13 1.25E-01 1.63E+01 5.81E-09 r   4.5
4.38E+10 9.28E-03 7.18E+32 1.33E+06 2.19E+13 1.23E-01 1.63E+01 5.48E-09 r   4.5
4.39E+10 9.15E-03 7.18E+32 1.32E+06 2.14E+13 1.21E-01 1.63E+01 5.18E-09 r   4.5
4.39E+10 9.01E-03 7.18E+32 1.31E+06 2.10E+13 1.19E-01 1.64E+01 4.89E-09 r   4.5
4.40E+10 8.88E-03 7.18E+32 1.31E+06 2.06E+13 1.18E-01 1.64E+01 4.62E-09 r   4.5
4.41E+10 8.75E-03 7.18E+32 1.30E+06 2.02E+13 1.16E-01 1.65E+01 4.36E-09 r   4.5
4.41E+10 8.62E-03 7.18E+32 1.30E+06 1.98E+13 1.14E-01 1.65E+01 4.11E-09 r   4.5
4.42E+10 8.50E-03 7.18E+32 1.29E+06 1.94E+13 1.12E-01 1.65E+01 3.88E-09 r   4.5
4.43E+10 8.37E-03 7.18E+32 1.29E+06 1.90E+13 1.11E-01 1.66E+01 3.66E-09 r   4.5
4.43E+10 8.25E-03 7.18E+32 1.28E+06 1.87E+13 1.09E-01 1.66E+01 3.45E-09 r   4.5
4.44E+10 8.13E-03 7.18E+32 1.27E+06 1.83E+13 1.07E-01 1.67E+01 3.26E-09 r   4.5
4.45E+10 8.00E-03 7.18E+32 1.27E+06 1.79E+13 1.05E-01 1.67E+01 3.07E-09 r   4.5
4.45E+10 7.89E-03 7.18E+32 1.26E+06 1.76E+13 1.04E-01 1.67E+01 2.90E-09 r   4.5
4.46E+10 7.77E-03 7.18E+32 1.26E+06 1.72E+13 1.02E-01 1.68E+01 2.73E-09 r   4.5
4.47E+10 7.65E-03 7.18E+32 1.25E+06 1.69E+13 1.01E-01 1.68E+01 2.57E-09 r   4.5
4.48E+10 7.54E-03 7.18E+32 1.25E+06 1.66E+13 9.91E-02 1.69E+01 2.43E-09 r   4.5
4.48E+10 7.42E-03 7.18E+32 1.24E+06 1.62E+13 9.76E-02 1.69E+01 2.29E-09 r   4.5
4.49E+10 7.31E-03 7.18E+32 1.24E+06 1.59E+13 9.60E-02 1.69E+01 2.15E-09 r   4.5
4.50E+10 7.20E-03 7.18E+32 1.23E+06 1.56E+13 9.45E-02 1.70E+01 2.03E-09 r   4.5
4.50E+10 7.09E-03 7.18E+32 1.23E+06 1.53E+13 9.31E-02 1.70E+01 1.91E-09 r   4.5
4.51E+10 6.99E-03 7.18E+32 1.22E+06 1.50E+13 9.16E-02 1.71E+01 1.80E-09 r   4.5
4.52E+10 6.88E-03 7.18E+32 1.21E+06 1.47E+13 9.02E-02 1.71E+01 1.70E-09 r   4.5
4.52E+10 6.77E-03 7.18E+32 1.21E+06 1.44E+13 8.87E-02 1.71E+01 1.60E-09 r   4.5
4.53E+10 6.67E-03 7.18E+32 1.20E+06 1.41E+13 8.73E-02 1.72E+01 1.50E-09 r   4.5
4.54E+10 6.57E-03 7.18E+32 1.20E+06 1.38E+13 8.60E-02 1.72E+01 1.41E-09 r   4.5
4.54E+10 6.47E-03 7.18E+32 1.19E+06 1.35E+13 8.46E-02 1.73E+01 1.33E-09 r   4.5
4.55E+10 6.37E-03 7.18E+32 1.19E+06 1.32E+13 8.33E-02 1.73E+01 1.25E-09 r   4.5
4.56E+10 6.27E-03 7.18E+32 1.18E+06 1.30E+13 8.20E-02 1.74E+01 1.18E-09 r   4.5
4.56E+10 6.17E-03 7.18E+32 1.18E+06 1.27E+13 8.07E-02 1.74E+01 1.11E-09 r   4.5
4.57E+10 6.08E-03 7.18E+32 1.17E+06 1.25E+13 7.94E-02 1.74E+01 1.04E-09 r   4.5
4.58E+10 5.98E-03 7.18E+32 1.17E+06 1.22E+13 7.81E-02 1.75E+01 9.80E-10 r   4.5
4.58E+10 5.89E-03 7.18E+32 1.16E+06 1.19E+13 7.69E-02 1.75E+01 9.21E-10 r   4.5
4.59E+10 5.80E-03 7.18E+32 1.16E+06 1.17E+13 7.56E-02 1.76E+01 8.66E-10 r   4.5
4.60E+10 5.71E-03 7.18E+32 1.15E+06 1.15E+13 7.44E-02 1.76E+01 8.13E-10 r   4.5
4.60E+10 5.62E-03 7.18E+32 1.14E+06 1.12E+13 7.32E-02 1.77E+01 7.64E-10 r   4.5
4.61E+10 5.53E-03 7.18E+32 1.14E+06 1.10E+13 7.21E-02 1.77E+01 7.18E-10 r   4.5
4.62E+10 5.44E-03 7.18E+32 1.13E+06 1.08E+13 7.09E-02 1.77E+01 6.74E-10 r   4.5
4.62E+10 5.36E-03 7.18E+32 1.13E+06 1.06E+13 6.98E-02 1.78E+01 6.33E-10 r   4.5
4.63E+10 5.27E-03 7.18E+32 1.12E+06 1.03E+13 6.86E-02 1.78E+01 5.94E-10 r   4.5
4.64E+10 5.19E-03 7.18E+32 1.12E+06 1.01E+13 6.75E-02 1.79E+01 5.58E-10 r   4.5
4.65E+10 5.10E-03 7.18E+32 1.11E+06 9.91E+12 6.64E-02 1.79E+01 5.24E-10 r   4.5
4.65E+10 5.02E-03 7.18E+32 1.11E+06 9.70E+12 6.54E-02 1.80E+01 4.91E-10 r   4.5
4.66E+10 4.94E-03 7.18E+32 1.10E+06 9.50E+12 6.43E-02 1.80E+01 4.61E-10 r   4.5
4.67E+10 4.86E-03 7.18E+32 1.10E+06 9.30E+12 6.32E-02 1.81E+01 4.32E-10 r   4.5
4.67E+10 4.78E-03 7.18E+32 1.09E+06 9.11E+12 6.22E-02 1.81E+01 4.06E-10 r   4.5
4.68E+10 4.71E-03 7.18E+32 1.09E+06 8.92E+12 6.12E-02 1.81E+01 3.80E-10 r   4.5
4.69E+10 4.63E-03 7.18E+32 1.08E+06 8.73E+12 6.02E-02 1.82E+01 3.57E-10 r   4.5
4.69E+10 4.55E-03 7.18E+32 1.08E+06 8.55E+12 5.92E-02 1.82E+01 3.34E-10 r   4.5
4.70E+10 4.48E-03 7.18E+32 1.07E+06 8.37E+12 5.82E-02 1.83E+01 3.13E-10 r   4.5
4.71E+10 4.41E-03 7.18E+32 1.07E+06 8.19E+12 5.73E-02 1.83E+01 2.93E-10 r   4.5
4.71E+10 4.33E-03 7.18E+32 1.06E+06 8.02E+12 5.63E-02 1.84E+01 2.75E-10 r   4.5
4.72E+10 4.26E-03 7.18E+32 1.06E+06 7.85E+12 5.54E-02 1.84E+01 2.57E-10 r   4.5
4.73E+10 4.19E-03 7.18E+32 1.05E+06 7.69E+12 5.45E-02 1.85E+01 2.41E-10 r   4.5
4.73E+10 4.12E-03 7.18E+32 1.05E+06 7.52E+12 5.36E-02 1.85E+01 2.26E-10 r   4.5
4.74E+10 4.05E-03 7.18E+32 1.04E+06 7.36E+12 5.27E-02 1.86E+01 2.11E-10 r   4.5
4.75E+10 3.99E-03 7.18E+32 1.04E+06 7.21E+12 5.18E-02 1.86E+01 1.98E-10 r   4.5
4.75E+10 3.92E-03 7.18E+32 1.03E+06 7.05E+12 5.10E-02 1.87E+01 1.85E-10 r   4.5
4.76E+10 3.86E-03 7.18E+32 1.03E+06 6.90E+12 5.01E-02 1.87E+01 1.73E-10 r   4.5
4.77E+10 3.79E-03 7.18E+32 1.02E+06 6.75E+12 4.93E-02 1.88E+01 1.62E-10 r   4.5
4.77E+10 3.73E-03 7.18E+32 1.02E+06 6.61E+12 4.84E-02 1.88E+01 1.51E-10 r   4.5
4.78E+10 3.66E-03 7.18E+32 1.01E+06 6.47E+12 4.76E-02 1.89E+01 1.41E-10 r   4.5
4.79E+10 3.60E-03 7.18E+32 1.01E+06 6.33E+12 4.68E-02 1.89E+01 1.32E-10 r   4.5
4.80E+10 3.54E-03 7.18E+32 1.00E+06 6.19E+12 4.60E-02 1.90E+01 1.23E-10 r   4.5
4.80E+10 3.48E-03 7.18E+32 9.99E+05 6.06E+12 4.52E-02 1.90E+01 1.15E-10 r   4.5
4.81E+10 3.42E-03 7.18E+32 9.94E+05 5.93E+12 4.45E-02 1.91E+01 1.08E-10 r   4.5
4.82E+10 3.36E-03 7.18E+32 9.90E+05 5.80E+12 4.37E-02 1.91E+01 1.01E-10 r   4.5
4.82E+10 3.30E-03 7.18E+32 9.85E+05 5.67E+12 4.30E-02 1.92E+01 9.39E-11 r   4.5
4.83E+10 3.25E-03 7.18E+32 9.80E+05 5.55E+12 4.22E-02 1.92E+01 8.76E-11 r   4.5
4.84E+10 3.19E-03 7.18E+32 9.75E+05 5.43E+12 4.15E-02 1.93E+01 8.17E-11 r   4.5
4.84E+10 3.14E-03 7.18E+32 9.71E+05 5.31E+12 4.08E-02 1.93E+01 7.63E-11 r   4.5
4.85E+10 3.08E-03 7.18E+32 9.66E+05 5.19E+12 4.01E-02 1.94E+01 7.11E-11 r   4.5
4.86E+10 3.03E-03 7.18E+32 9.61E+05 5.08E+12 3.94E-02 1.94E+01 6.63E-11 r   4.5
4.86E+10 2.97E-03 7.18E+32 9.57E+05 4.96E+12 3.87E-02 1.95E+01 6.18E-11 r   4.5
4.87E+10 2.92E-03 7.18E+32 9.52E+05 4.86E+12 3.81E-02 1.95E+01 5.76E-11 r   4.5
4.88E+10 2.87E-03 7.18E+32 9.47E+05 4.75E+12 3.74E-02 1.96E+01 5.37E-11 r   4.5
4.88E+10 2.82E-03 7.18E+32 9.43E+05 4.64E+12 3.68E-02 1.96E+01 5.00E-11 r   4.5
4.89E+10 2.77E-03 7.18E+32 9.38E+05 4.54E+12 3.61E-02 1.97E+01 4.66E-11 r   4.5
4.90E+10 2.72E-03 7.18E+32 9.33E+05 4.44E+12 3.55E-02 1.97E+01 4.34E-11 r   4.5
4.90E+10 2.67E-03 7.18E+32 9.29E+05 4.34E+12 3.49E-02 1.98E+01 4.04E-11 r   4.5
4.91E+10 2.63E-03 7.18E+32 9.24E+05 4.24E+12 3.43E-02 1.98E+01 3.76E-11 r   4.5
4.92E+10 2.58E-03 7.18E+32 9.19E+05 4.15E+12 3.37E-02 1.99E+01 3.49E-11 r   4.5
4.92E+10 2.53E-03 7.18E+32 9.15E+05 4.05E+12 3.31E-02 2.00E+01 3.25E-11 r   4.6
4.93E+10 2.49E-03 7.18E+32 9.10E+05 3.96E+12 3.25E-02 2.00E+01 3.02E-11 r   4.6
4.94E+10 2.44E-03 7.18E+32 9.06E+05 3.87E+12 3.19E-02 2.01E+01 2.81E-11 r   4.6
4.95E+10 2.40E-03 7.18E+32 9.01E+05 3.79E+12 3.14E-02 2.01E+01 2.61E-11 r   4.6
4.95E+10 2.35E-03 7.18E+32 8.97E+05 3.70E+12 3.08E-02 2.02E+01 2.43E-11 r   4.6
4.96E+10 2.31E-03 7.18E+32 8.92E+05 3.62E+12 3.03E-02 2.02E+01 2.25E-11 r   4.6
4.97E+10 2.27E-03 7.18E+32 8.88E+05 3.53E+12 2.97E-02 2.03E+01 2.09E-11 r   4.6
4.97E+10 2.23E-03 7.18E+32 8.83E+05 3.45E+12 2.92E-02 2.03E+01 1.94E-11 r   4.6
4.98E+10 2.18E-03 7.18E+32 8.79E+05 3.37E+12 2.87E-02 2.04E+01 1.80E-11 r   4.6
4.99E+10 2.14E-03 7.18E+32 8.74E+05 3.30E+12 2.81E-02 2.05E+01 1.67E-11 r   4.6
4.99E+10 2.10E-03 7.18E+32 8.70E+05 3.22E+12 2.76E-02 2.05E+01 1.55E-11 r   4.6
5.00E+10 2.07E-03 7.18E+32 8.65E+05 3.15E+12 2.71E-02 2.06E+01 1.44E-11 r   4.6
5.01E+10 2.03E-03 7.18E+32 8.61E+05 3.07E+12 2.66E-02 2.06E+01 1.33E-11 r   4.6
5.01E+10 1.99E-03 7.18E+32 8.56E+05 3.00E+12 2.62E-02 2.07E+01 1.24E-11 r   4.6
5.02E+10 1.95E-03 7.18E+32 8.52E+05 2.93E+12 2.57E-02 2.08E+01 1.15E-11 r   4.6
5.03E+10 1.91E-03 7.18E+32 8.48E+05 2.86E+12 2.52E-02 2.08E+01 1.06E-11 r   4.6
5.03E+10 1.88E-03 7.18E+32 8.43E+05 2.80E+12 2.48E-02 2.09E+01 9.83E-12 r   4.6
5.04E+10 1.84E-03 7.18E+32 8.39E+05 2.73E+12 2.43E-02 2.09E+01 9.10E-12 r   4.6
5.05E+10 1.81E-03 7.18E+32 8.34E+05 2.67E+12 2.39E-02 2.10E+01 8.42E-12 r   4.6
5.05E+10 1.77E-03 7.18E+32 8.30E+05 2.60E+12 2.34E-02 2.11E+01 7.79E-12 r   4.6
5.06E+10 1.74E-03 7.18E+32 8.26E+05 2.54E+12 2.30E-02 2.11E+01 7.21E-12 r   4.6
5.07E+10 1.70E-03 7.18E+32 8.21E+05 2.48E+12 2.26E-02 2.12E+01 6.67E-12 r   4.6
5.07E+10 1.67E-03 7.18E+32 8.17E+05 2.42E+12 2.21E-02 2.12E+01 6.16E-12 r   4.6
5.08E+10 1.64E-03 7.18E+32 8.13E+05 2.37E+12 2.17E-02 2.13E+01 5.69E-12 r   4.6
5.09E+10 1.61E-03 7.18E+32 8.09E+05 2.31E+12 2.13E-02 2.14E+01 5.26E-12 r   4.6
5.09E+10 1.58E-03 7.18E+32 8.04E+05 2.26E+12 2.09E-02 2.14E+01 4.86E-12 r   4.6
5.10E+10 1.55E-03 7.18E+32 8.00E+05 2.20E+12 2.05E-02 2.15E+01 4.48E-12 r   4.6
5.11E+10 1.51E-03 7.18E+32 7.96E+05 2.15E+12 2.02E-02 2.15E+01 4.14E-12 r   4.6
5.12E+10 1.48E-03 7.18E+32 7.92E+05 2.10E+12 1.98E-02 2.16E+01 3.82E-12 r   4.6
5.12E+10 1.46E-03 7.18E+32 7.87E+05 2.05E+12 1.94E-02 2.17E+01 3.52E-12 r   4.6
5.13E+10 1.43E-03 7.18E+32 7.83E+05 2.00E+12 1.90E-02 2.17E+01 3.24E-12 r   4.6
5.14E+10 1.40E-03 7.18E+32 7.79E+05 1.95E+12 1.87E-02 2.18E+01 2.99E-12 r   4.6
5.14E+10 1.37E-03 7.18E+32 7.75E+05 1.90E+12 1.83E-02 2.19E+01 2.76E-12 r   4.6
5.15E+10 1.34E-03 7.18E+32 7.70E+05 1.85E+12 1.80E-02 2.19E+01 2.54E-12 r   4.6
5.16E+10 1.32E-03 7.18E+32 7.66E+05 1.81E+12 1.76E-02 2.20E+01 2.34E-12 r   4.6
5.16E+10 1.29E-03 7.18E+32 7.62E+05 1.76E+12 1.73E-02 2.21E+01 2.15E-12 r   4.6
5.17E+10 1.26E-03 7.18E+32 7.58E+05 1.72E+12 1.70E-02 2.21E+01 1.98E-12 r   4.6
5.18E+10 1.24E-03 7.18E+32 7.54E+05 1.68E+12 1.66E-02 2.22E+01 1.82E-12 r   4.6
5.18E+10 1.21E-03 7.18E+32 7.50E+05 1.64E+12 1.63E-02 2.23E+01 1.67E-12 r   4.6
5.19E+10 1.19E-03 7.18E+32 7.46E+05 1.60E+12 1.60E-02 2.23E+01 1.54E-12 r   4.6
5.20E+10 1.16E-03 7.18E+32 7.41E+05 1.56E+12 1.57E-02 2.24E+01 1.41E-12 r   4.6
5.20E+10 1.14E-03 7.18E+32 7.37E+05 1.52E+12 1.54E-02 2.25E+01 1.30E-12 r   4.6
5.21E+10 1.11E-03 7.18E+32 7.33E+05 1.48E+12 1.51E-02 2.25E+01 1.19E-12 r   4.6
5.22E+10 1.09E-03 7.18E+32 7.29E+05 1.44E+12 1.48E-02 2.26E+01 1.09E-12 r   4.6
5.22E+10 1.07E-03 7.18E+32 7.25E+05 1.41E+12 1.45E-02 2.27E+01 1.00E-12 r   4.6
5.23E+10 1.05E-03 7.18E+32 7.21E+05 1.37E+12 1.42E-02 2.28E+01 9.18E-13 r   4.6
5.24E+10 1.02E-03 7.18E+32 7.17E+05 1.34E+12 1.39E-02 2.28E+01 8.42E-13 r   4.6
5.24E+10 1.00E-03 7.18E+32 7.13E+05 1.30E+12 1.36E-02 2.29E+01 7.71E-13 r   4.6
5.25E+10 9.80E-04 7.18E+32 7.09E+05 1.27E+12 1.34E-02 2.30E+01 7.06E-13 r   4.6
5.26E+10 9.59E-04 7.18E+32 7.05E+05 1.24E+12 1.31E-02 2.30E+01 6.47E-13 r   4.6
5.27E+10 9.39E-04 7.18E+32 7.01E+05 1.20E+12 1.28E-02 2.31E+01 5.92E-13 r   4.6
5.27E+10 9.19E-04 7.18E+32 6.97E+05 1.17E+12 1.26E-02 2.32E+01 5.41E-13 r   4.6
5.28E+10 8.99E-04 7.18E+32 6.93E+05 1.14E+12 1.23E-02 2.33E+01 4.95E-13 r   4.6
5.29E+10 8.79E-04 7.18E+32 6.89E+05 1.11E+12 1.21E-02 2.33E+01 4.52E-13 r   4.6
5.29E+10 8.60E-04 7.18E+32 6.85E+05 1.09E+12 1.18E-02 2.34E+01 4.13E-13 r   4.6
5.30E+10 8.41E-04 7.18E+32 6.81E+05 1.06E+12 1.16E-02 2.35E+01 3.77E-13 r   4.6
5.31E+10 8.23E-04 7.18E+32 6.77E+05 1.03E+12 1.13E-02 2.36E+01 3.44E-13 r   4.6
5.31E+10 8.05E-04 7.18E+32 6.73E+05 1.00E+12 1.11E-02 2.36E+01 3.14E-13 r   4.6
5.32E+10 7.87E-04 7.18E+32 6.69E+05 9.76E+11 1.09E-02 2.37E+01 2.86E-13 r   4.6
5.33E+10 7.69E-04 7.18E+32 6.65E+05 9.50E+11 1.07E-02 2.38E+01 2.61E-13 r   4.6
5.33E+10 7.52E-04 7.18E+32 6.61E+05 9.25E+11 1.04E-02 2.39E+01 2.38E-13 r   4.6
5.34E+10 7.35E-04 7.18E+32 6.58E+05 9.00E+11 1.02E-02 2.40E+01 2.17E-13 r   4.6
5.35E+10 7.19E-04 7.18E+32 6.54E+05 8.76E+11 1.00E-02 2.40E+01 1.97E-13 r   4.6
5.35E+10 7.02E-04 7.18E+32 6.50E+05 8.53E+11 9.80E-03 2.41E+01 1.79E-13 r   4.6
5.36E+10 6.86E-04 7.18E+32 6.46E+05 8.30E+11 9.59E-03 2.42E+01 1.63E-13 r   4.6
5.37E+10 6.71E-04 7.18E+32 6.42E+05 8.08E+11 9.39E-03 2.43E+01 1.48E-13 r   4.6
5.37E+10 6.55E-04 7.18E+32 6.38E+05 7.86E+11 9.19E-03 2.44E+01 1.35E-13 r   4.6
5.38E+10 6.40E-04 7.18E+32 6.34E+05 7.65E+11 9.00E-03 2.44E+01 1.22E-13 r   4.6
5.39E+10 6.25E-04 7.18E+32 6.31E+05 7.44E+11 8.80E-03 2.45E+01 1.11E-13 r   4.6
5.39E+10 6.11E-04 7.18E+32 6.27E+05 7.23E+11 8.62E-03 2.46E+01 1.01E-13 r   4.6
5.40E+10 5.97E-04 7.18E+32 6.23E+05 7.04E+11 8.43E-03 2.47E+01 9.13E-14 r   4.6
5.41E+10 5.83E-04 7.18E+32 6.19E+05 6.84E+11 8.25E-03 2.48E+01 8.28E-14 r   4.6
5.41E+10 5.69E-04 7.18E+32 6.15E+05 6.65E+11 8.07E-03 2.49E+01 7.50E-14 r   4.6
5.42E+10 5.55E-04 7.18E+32 6.12E+05 6.47E+11 7.90E-03 2.49E+01 6.79E-14 r   4.6
5.43E+10 5.42E-04 7.18E+32 6.08E+05 6.29E+11 7.72E-03 2.50E+01 6.14E-14 r   4.6
5.44E+10 5.29E-04 7.18E+32 6.04E+05 6.11E+11 7.55E-03 2.51E+01 5.55E-14 r   4.6
5.44E+10 5.17E-04 7.18E+32 6.00E+05 5.94E+11 7.39E-03 2.52E+01 5.02E-14 r   4.6
5.45E+10 5.04E-04 7.18E+32 5.97E+05 5.78E+11 7.23E-03 2.53E+01 4.54E-14 r   4.6
5.46E+10 4.92E-04 7.18E+32 5.93E+05 5.61E+11 7.07E-03 2.54E+01 4.09E-14 r   4.6
5.46E+10 4.80E-04 7.18E+32 5.89E+05 5.45E+11 6.91E-03 2.55E+01 3.69E-14 r   4.6
5.47E+10 4.68E-04 7.18E+32 5.85E+05 5.30E+11 6.76E-03 2.56E+01 3.33E-14 r   4.6
5.48E+10 4.57E-04 7.18E+32 5.82E+05 5.15E+11 6.61E-03 2.57E+01 3.00E-14 r   4.6
5.48E+10 4.46E-04 7.18E+32 5.78E+05 5.00E+11 6.46E-03 2.57E+01 2.71E-14 r   4.6
5.49E+10 4.35E-04 7.18E+32 5.74E+05 4.86E+11 6.31E-03 2.58E+01 2.44E-14 r   4.6
5.50E+10 4.24E-04 7.18E+32 5.71E+05 4.72E+11 6.17E-03 2.59E+01 2.19E-14 r   4.6
5.50E+10 4.13E-04 7.18E+32 5.67E+05 4.58E+11 6.03E-03 2.60E+01 1.97E-14 r   4.6
5.51E+10 4.03E-04 7.18E+32 5.63E+05 4.45E+11 5.89E-03 2.61E+01 1.77E-14 r   4.6
5.52E+10 3.93E-04 7.18E+32 5.60E+05 4.32E+11 5.76E-03 2.62E+01 1.59E-14 r   4.6
5.52E+10 3.83E-04 7.18E+32 5.56E+05 4.19E+11 5.62E-03 2.63E+01 1.43E-14 r   4.6
5.53E+10 3.73E-04 7.18E+32 5.53E+05 4.07E+11 5.49E-03 2.64E+01 1.28E-14 r   4.6
5.54E+10 3.63E-04 7.18E+32 5.49E+05 3.95E+11 5.37E-03 2.65E+01 1.15E-14 r   4.6
5.54E+10 3.54E-04 7.18E+32 5.45E+05 3.83E+11 5.24E-03 2.66E+01 1.03E-14 r   4.6
5.55E+10 3.45E-04 7.18E+32 5.42E+05 3.72E+11 5.12E-03 2.67E+01 9.20E-15 r   4.6
5.56E+10 3.36E-04 7.18E+32 5.38E+05 3.61E+11 5.00E-03 2.68E+01 8.23E-15 r   4.6
5.56E+10 3.27E-04 7.18E+32 5.35E+05 3.50E+11 4.88E-03 2.69E+01 7.36E-15 r   4.6
5.57E+10 3.19E-04 7.18E+32 5.31E+05 3.39E+11 4.77E-03 2.70E+01 6.58E-15 r   4.6
5.58E+10 3.10E-04 7.18E+32 5.27E+05 3.29E+11 4.65E-03 2.71E+01 5.87E-15 r   4.6
5.59E+10 3.02E-04 7.18E+32 5.24E+05 3.19E+11 4.54E-03 2.72E+01 5.24E-15 r   4.6
5.59E+10 2.94E-04 7.18E+32 5.20E+05 3.09E+11 4.43E-03 2.73E+01 4.67E-15 r   4.6
5.60E+10 2.86E-04 7.18E+32 5.17E+05 3.00E+11 4.33E-03 2.74E+01 4.16E-15 r   4.6
5.61E+10 2.78E-04 7.18E+32 5.13E+05 2.90E+11 4.22E-03 2.75E+01 3.70E-15 r   4.6
5.61E+10 2.71E-04 7.18E+32 5.10E+05 2.81E+11 4.12E-03 2.76E+01 3.29E-15 r   4.6
5.62E+10 2.64E-04 7.18E+32 5.06E+05 2.73E+11 4.02E-03 2.78E+01 2.93E-15 r   4.6
5.63E+10 2.56E-04 7.18E+32 5.03E+05 2.64E+11 3.92E-03 2.79E+01 2.60E-15 r   4.6
5.63E+10 2.49E-04 7.18E+32 4.99E+05 2.56E+11 3.83E-03 2.80E+01 2.31E-15 r   4.6
5.64E+10 2.42E-04 7.18E+32 4.96E+05 2.48E+11 3.73E-03 2.81E+01 2.05E-15 r   4.6
5.65E+10 2.36E-04 7.18E+32 4.92E+05 2.40E+11 3.64E-03 2.82E+01 1.82E-15 r   4.6
5.65E+10 2.29E-04 7.18E+32 4.89E+05 2.32E+11 3.55E-03 2.83E+01 1.61E-15 r   4.6
5.66E+10 2.23E-04 7.18E+32 4.85E+05 2.25E+11 3.46E-03 2.84E+01 1.42E-15 r   4.6
5.67E+10 2.16E-04 7.18E+32 4.82E+05 2.18E+11 3.37E-03 2.85E+01 1.26E-15 r   4.6
5.67E+10 2.10E-04 7.18E+32 4.78E+05 2.11E+11 3.29E-03 2.87E+01 1.11E-15 r   4.6
5.68E+10 2.04E-04 7.18E+32 4.75E+05 2.04E+11 3.20E-03 2.88E+01 9.80E-16 r   4.6
5.69E+10 1.98E-04 7.18E+32 4.72E+05 1.97E+11 3.12E-03 2.89E+01 8.64E-16 r   4.6
5.69E+10 1.93E-04 7.18E+32 4.68E+05 1.91E+11 3.04E-03 2.90E+01 7.62E-16 r   4.6
5.70E+10 1.87E-04 7.18E+32 4.65E+05 1.85E+11 2.96E-03 2.91E+01 6.70E-16 r   4.6
5.71E+10 1.82E-04 7.18E+32 4.61E+05 1.78E+11 2.89E-03 2.93E+01 5.90E-16 r   4.6
5.71E+10 1.76E-04 7.18E+32 4.58E+05 1.73E+11 2.81E-03 2.94E+01 5.18E-16 r   4.6
5.72E+10 1.71E-04 7.18E+32 4.55E+05 1.67E+11 2.74E-03 2.95E+01 4.55E-16 r   4.6
5.73E+10 1.66E-04 7.18E+32 4.51E+05 1.61E+11 2.67E-03 2.96E+01 3.99E-16 r   4.6
5.74E+10 1.61E-04 7.18E+32 4.48E+05 1.56E+11 2.60E-03 2.97E+01 3.50E-16 r   4.6
5.74E+10 1.56E-04 7.18E+32 4.45E+05 1.50E+11 2.53E-03 2.99E+01 3.06E-16 r   4.6
5.75E+10 1.51E-04 7.18E+32 4.41E+05 1.45E+11 2.46E-03 3.00E+01 2.68E-16 r   4.6
5.76E+10 1.47E-04 7.18E+32 4.38E+05 1.40E+11 2.39E-03 3.01E+01 2.34E-16 r   4.6
5.76E+10 1.42E-04 7.18E+32 4.34E+05 1.36E+11 2.33E-03 3.03E+01 2.04E-16 r   4.6
5.77E+10 1.38E-04 7.18E+32 4.31E+05 1.31E+11 2.27E-03 3.04E+01 1.78E-16 r   4.6
5.78E+10 1.34E-04 7.18E+32 4.28E+05 1.26E+11 2.20E-03 3.05E+01 1.55E-16 r   4.6
5.78E+10 1.30E-04 7.18E+32 4.25E+05 1.22E+11 2.14E-03 3.07E+01 1.35E-16 r   4.6
5.79E+10 1.25E-04 7.18E+32 4.21E+05 1.18E+11 2.08E-03 3.08E+01 1.17E-16 r   4.6
5.80E+10 1.22E-04 7.18E+32 4.18E+05 1.13E+11 2.03E-03 3.09E+01 1.02E-16 r   4.6
5.80E+10 1.18E-04 7.18E+32 4.15E+05 1.09E+11 1.97E-03 3.11E+01 8.84E-17 r   4.6
5.81E+10 1.14E-04 7.18E+32 4.11E+05 1.06E+11 1.91E-03 3.12E+01 7.66E-17 r   4.6
5.82E+10 1.10E-04 7.18E+32 4.08E+05 1.02E+11 1.86E-03 3.14E+01 6.63E-17 r   4.6
5.82E+10 1.07E-04 7.18E+32 4.05E+05 9.81E+10 1.81E-03 3.15E+01 5.73E-17 r   4.6
5.83E+10 1.03E-04 7.18E+32 4.02E+05 9.45E+10 1.76E-03 3.17E+01 4.95E-17 r   4.6
5.84E+10 9.98E-05 7.18E+32 3.98E+05 9.11E+10 1.71E-03 3.18E+01 4.27E-17 r   4.6
5.84E+10 9.65E-05 7.18E+32 3.95E+05 8.77E+10 1.66E-03 3.20E+01 3.68E-17 r   4.6
5.85E+10 9.33E-05 7.18E+32 3.92E+05 8.45E+10 1.61E-03 3.21E+01 3.16E-17 r   4.6
5.86E+10 9.02E-05 7.18E+32 3.89E+05 8.14E+10 1.56E-03 3.23E+01 2.72E-17 r   4.6
5.86E+10 8.72E-05 7.18E+32 3.85E+05 7.83E+10 1.52E-03 3.24E+01 2.33E-17 r   4.6
5.87E+10 8.42E-05 7.18E+32 3.82E+05 7.54E+10 1.47E-03 3.26E+01 2.00E-17 r   4.6
5.88E+10 8.14E-05 7.18E+32 3.79E+05 7.25E+10 1.43E-03 3.27E+01 1.71E-17 r   4.6
5.88E+10 7.86E-05 7.18E+32 3.76E+05 6.98E+10 1.39E-03 3.29E+01 1.46E-17 r   4.6
5.89E+10 7.58E-05 7.18E+32 3.73E+05 6.71E+10 1.34E-03 3.30E+01 1.25E-17 r   4.6
5.90E+10 7.32E-05 7.18E+32 3.69E+05 6.45E+10 1.30E-03 3.32E+01 1.07E-17 r   4.6
5.91E+10 7.06E-05 7.18E+32 3.66E+05 6.20E+10 1.26E-03 3.34E+01 9.07E-18 r   4.6
5.91E+10 6.81E-05 7.18E+32 3.63E+05 5.96E+10 1.23E-03 3.35E+01 7.71E-18 r   4.6
5.92E+10 6.57E-05 7.18E+32 3.60E+05 5.73E+10 1.19E-03 3.37E+01 6.55E-18 r   4.6
5.93E+10 6.34E-05 7.18E+32 3.57E+05 5.50E+10 1.15E-03 3.39E+01 5.55E-18 r   4.6
5.93E+10 6.11E-05 7.18E+32 3.54E+05 5.28E+10 1.11E-03 3.41E+01 4.70E-18 r   4.6
5.94E+10 5.89E-05 7.18E+32 3.51E+05 5.07E+10 1.08E-03 3.42E+01 3.97E-18 r   4.6
5.95E+10 5.67E-05 7.18E+32 3.47E+05 4.87E+10 1.05E-03 3.44E+01 3.35E-18 r   4.6
5.95E+10 5.46E-05 7.18E+32 3.44E+05 4.67E+10 1.01E-03 3.46E+01 2.82E-18 r   4.6
5.96E+10 5.26E-05 7.18E+32 3.41E+05 4.48E+10 9.80E-04 3.48E+01 2.38E-18 r   4.6
5.97E+10 5.06E-05 7.18E+32 3.38E+05 4.30E+10 9.49E-04 3.49E+01 2.00E-18 r   4.6
5.97E+10 4.87E-05 7.18E+32 3.35E+05 4.12E+10 9.18E-04 3.51E+01 1.67E-18 r   4.6
5.98E+10 4.69E-05 7.18E+32 3.32E+05 3.95E+10 8.88E-04 3.53E+01 1.40E-18 r   4.6
5.99E+10 4.51E-05 7.18E+32 3.29E+05 3.78E+10 8.59E-04 3.55E+01 1.17E-18 r   4.6
5.99E+10 4.33E-05 7.18E+32 3.26E+05 3.62E+10 8.30E-04 3.57E+01 9.76E-19 r   4.6
6.00E+10 4.17E-05 7.18E+32 3.23E+05 3.47E+10 8.02E-04 3.59E+01 8.13E-19 r   4.6
6.01E+10 4.00E-05 7.18E+32 3.20E+05 3.32E+10 7.76E-04 3.61E+01 6.76E-19 r   4.6
6.01E+10 3.84E-05 7.18E+32 3.16E+05 3.18E+10 7.49E-04 3.63E+01 5.60E-19 r   4.6
6.02E+10 3.69E-05 7.18E+32 3.13E+05 3.04E+10 7.24E-04 3.65E+01 4.64E-19 r   4.6
6.03E+10 3.54E-05 7.18E+32 3.10E+05 2.91E+10 6.99E-04 3.67E+01 3.84E-19 r   4.6
6.03E+10 3.40E-05 7.18E+32 3.07E+05 2.78E+10 6.75E-04 3.69E+01 3.16E-19 r   4.6
6.04E+10 3.26E-05 7.18E+32 3.04E+05 2.66E+10 6.51E-04 3.71E+01 2.60E-19 r   4.6
6.05E+10 3.13E-05 7.18E+32 3.01E+05 2.54E+10 6.28E-04 3.73E+01 2.14E-19 r   4.6
6.06E+10 3.00E-05 7.18E+32 2.98E+05 2.42E+10 6.06E-04 3.76E+01 1.75E-19 r   4.6
6.06E+10 2.87E-05 7.18E+32 2.95E+05 2.31E+10 5.84E-04 3.78E+01 1.43E-19 r   4.6
6.07E+10 2.75E-05 7.18E+32 2.92E+05 2.21E+10 5.63E-04 3.80E+01 1.17E-19 r   4.6
6.08E+10 2.63E-05 7.18E+32 2.89E+05 2.11E+10 5.43E-04 3.82E+01 9.54E-20 r   4.6
6.08E+10 2.52E-05 7.18E+32 2.86E+05 2.01E+10 5.23E-04 3.85E+01 7.75E-20 r   4.6
6.09E+10 2.41E-05 7.18E+32 2.83E+05 1.91E+10 5.04E-04 3.87E+01 6.28E-20 r   4.6
6.10E+10 2.31E-05 7.18E+32 2.80E+05 1.82E+10 4.85E-04 3.89E+01 5.08E-20 r   4.6
6.10E+10 2.20E-05 7.18E+32 2.77E+05 1.74E+10 4.67E-04 3.92E+01 4.10E-20 r   4.6
6.11E+10 2.11E-05 7.18E+32 2.74E+05 1.65E+10 4.50E-04 3.94E+01 3.30E-20 r   4.6
6.12E+10 2.01E-05 7.18E+32 2.71E+05 1.57E+10 4.32E-04 3.97E+01 2.65E-20 r   4.6
6.12E+10 1.92E-05 7.18E+32 2.69E+05 1.50E+10 4.16E-04 3.99E+01 2.12E-20 r   4.6
6.13E+10 1.83E-05 7.18E+32 2.66E+05 1.42E+10 4.00E-04 4.02E+01 1.69E-20 r   4.6
6.14E+10 1.75E-05 7.18E+32 2.63E+05 1.35E+10 3.84E-04 4.04E+01 1.35E-20 r   4.6
6.14E+10 1.67E-05 7.18E+32 2.60E+05 1.28E+10 3.69E-04 4.07E+01 1.07E-20 r   4.6
6.15E+10 1.59E-05 7.18E+32 2.57E+05 1.22E+10 3.54E-04 4.10E+01 8.49E-21 r   4.6
6.16E+10 1.51E-05 7.18E+32 2.54E+05 1.16E+10 3.40E-04 4.12E+01 6.71E-21 r   4.6
6.16E+10 1.44E-05 7.18E+32 2.51E+05 1.10E+10 3.26E-04 4.15E+01 5.28E-21 r   4.6
6.17E+10 1.37E-05 7.18E+32 2.48E+05 1.04E+10 3.13E-04 4.18E+01 4.15E-21 r   4.6
6.18E+10 1.30E-05 7.18E+32 2.45E+05 9.86E+09 3.00E-04 4.21E+01 3.24E-21 r   4.6
6.18E+10 1.24E-05 7.18E+32 2.42E+05 9.34E+09 2.88E-04 4.24E+01 2.53E-21 r   4.6
6.19E+10 1.18E-05 7.18E+32 2.39E+05 8.84E+09 2.76E-04 4.27E+01 1.97E-21 r   4.6
6.20E+10 1.12E-05 7.18E+32 2.37E+05 8.37E+09 2.64E-04 4.30E+01 1.52E-21 r   4.6
6.21E+10 1.06E-05 7.18E+32 2.34E+05 7.91E+09 2.53E-04 4.33E+01 1.18E-21 r   4.6
6.21E+10 1.01E-05 7.18E+32 2.31E+05 7.48E+09 2.42E-04 4.36E+01 9.06E-22 r   4.6
6.22E+10 9.54E-06 7.18E+32 2.28E+05 7.06E+09 2.31E-04 4.39E+01 6.95E-22 r   4.6
6.23E+10 9.04E-06 7.18E+32 2.25E+05 6.67E+09 2.21E-04 4.42E+01 5.31E-22 r   4.6
6.23E+10 8.56E-06 7.18E+32 2.22E+05 6.29E+09 2.11E-04 4.46E+01 4.04E-22 r   4.6
6.24E+10 8.10E-06 7.18E+32 2.19E+05 5.93E+09 2.02E-04 4.49E+01 3.06E-22 r   4.6
6.25E+10 7.66E-06 7.18E+32 2.17E+05 5.59E+09 1.92E-04 4.52E+01 2.31E-22 r   4.6
6.25E+10 7.23E-06 7.18E+32 2.14E+05 5.26E+09 1.84E-04 4.56E+01 1.74E-22 r   4.6
6.26E+10 6.83E-06 7.18E+32 2.11E+05 4.95E+09 1.75E-04 4.60E+01 1.30E-22 r   4.6
6.27E+10 6.45E-06 7.18E+32 2.08E+05 4.65E+09 1.67E-04 4.63E+01 9.71E-23 r   4.6
6.27E+10 6.08E-06 7.18E+32 2.05E+05 4.37E+09 1.59E-04 4.67E+01 7.20E-23 r   4.6
6.28E+10 5.73E-06 7.18E+32 2.03E+05 4.11E+09 1.51E-04 4.71E+01 5.32E-23 r   4.6
6.29E+10 5.39E-06 7.18E+32 2.00E+05 3.85E+09 1.44E-04 4.74E+01 3.91E-23 r   4.6
6.29E+10 5.08E-06 7.18E+32 1.97E+05 3.61E+09 1.37E-04 4.78E+01 2.86E-23 r   4.6
6.30E+10 4.77E-06 7.18E+32 1.94E+05 3.38E+09 1.30E-04 4.82E+01 2.08E-23 r   4.6
6.31E+10 4.48E-06 7.18E+32 1.91E+05 3.17E+09 1.23E-04 4.86E+01 1.51E-23 r   4.6
6.31E+10 4.21E-06 7.18E+32 1.89E+05 2.96E+09 1.17E-04 4.91E+01 1.09E-23 r   4.6
6.32E+10 3.95E-06 7.18E+32 1.86E+05 2.77E+09 1.11E-04 4.95E+01 7.79E-24 r   4.6
6.33E+10 3.70E-06 7.18E+32 1.83E+05 2.59E+09 1.05E-04 4.99E+01 5.55E-24 r   4.6
6.33E+10 3.46E-06 7.18E+32 1.80E+05 2.41E+09 9.98E-05 5.04E+01 3.93E-24 r   4.6
6.34E+10 3.24E-06 7.18E+32 1.78E+05 2.25E+09 9.44E-05 5.08E+01 2.76E-24 r   4.6
6.35E+10 3.03E-06 7.18E+32 1.75E+05 2.09E+09 8.93E-05 5.13E+01 1.93E-24 r   4.6
6.35E+10 2.83E-06 7.18E+32 1.72E+05 1.95E+09 8.44E-05 5.18E+01 1.34E-24 r   4.6
6.36E+10 2.64E-06 7.18E+32 1.69E+05 1.81E+09 7.97E-05 5.23E+01 9.27E-25 r   4.6
6.37E+10 2.46E-06 7.18E+32 1.67E+05 1.68E+09 7.52E-05 5.28E+01 6.36E-25 r   4.6
6.38E+10 2.29E-06 7.18E+32 1.64E+05 1.56E+09 7.09E-05 5.33E+01 4.33E-25 r   4.6
6.38E+10 2.13E-06 7.18E+32 1.61E+05 1.44E+09 6.68E-05 5.38E+01 2.92E-25 r   4.6
6.39E+10 1.97E-06 7.18E+32 1.59E+05 1.34E+09 6.29E-05 5.43E+01 1.96E-25 r   4.6
6.40E+10 1.83E-06 7.18E+32 1.56E+05 1.24E+09 5.91E-05 5.49E+01 1.30E-25 r   4.6
6.40E+10 1.70E-06 7.18E+32 1.53E+05 1.14E+09 5.55E-05 5.54E+01 8.59E-26 r   4.6
6.41E+10 1.57E-06 7.18E+32 1.51E+05 1.05E+09 5.21E-05 5.60E+01 5.62E-26 r   4.6
6.42E+10 1.45E-06 7.18E+32 1.48E+05 9.69E+08 4.89E-05 5.66E+01 3.64E-26 r   4.6
6.42E+10 1.34E-06 7.18E+32 1.45E+05 8.91E+08 4.58E-05 5.72E+01 2.34E-26 r   4.6
6.43E+10 1.23E-06 7.18E+32 1.43E+05 8.18E+08 4.28E-05 5.79E+01 1.49E-26 r   4.6
6.44E+10 1.14E-06 7.18E+32 1.40E+05 7.50E+08 4.00E-05 5.85E+01 9.35E-27 r   4.6
6.44E+10 1.04E-06 7.18E+32 1.37E+05 6.87E+08 3.73E-05 5.92E+01 5.83E-27 r   4.6
6.45E+10 9.57E-07 7.18E+32 1.35E+05 6.28E+08 3.48E-05 5.99E+01 3.59E-27 r   4.6
6.46E+10 8.77E-07 7.18E+32 1.32E+05 5.73E+08 3.24E-05 6.06E+01 2.19E-27 r   4.6
6.46E+10 8.02E-07 7.18E+32 1.29E+05 5.23E+08 3.02E-05 6.13E+01 1.32E-27 r   4.6
6.47E+10 7.32E-07 7.18E+32 1.27E+05 4.76E+08 2.80E-05 6.21E+01 7.82E-28 r   4.6
6.48E+10 6.67E-07 7.18E+32 1.24E+05 4.32E+08 2.60E-05 6.28E+01 4.59E-28 r   4.6
6.48E+10 6.07E-07 7.18E+32 1.21E+05 3.92E+08 2.41E-05 6.36E+01 2.66E-28 r   4.6
6.49E+10 5.51E-07 7.18E+32 1.19E+05 3.54E+08 2.22E-05 6.45E+01 1.52E-28 r   4.6
6.50E+10 5.00E-07 7.18E+32 1.16E+05 3.20E+08 2.05E-05 6.53E+01 8.52E-29 r   4.6
6.50E+10 4.52E-07 7.18E+32 1.14E+05 2.88E+08 1.89E-05 6.62E+01 4.72E-29 r   4.6
6.51E+10 4.08E-07 7.18E+32 1.11E+05 2.59E+08 1.74E-05 6.71E+01 2.57E-29 r   4.6
6.52E+10 3.67E-07 7.18E+32 1.08E+05 2.33E+08 1.60E-05 6.81E+01 1.37E-29 r   4.6
6.53E+10 3.29E-07 7.18E+32 1.06E+05 2.08E+08 1.47E-05 6.90E+01 7.22E-30 r   4.6
6.53E+10 2.95E-07 7.18E+32 1.03E+05 1.86E+08 1.34E-05 7.01E+01 3.72E-30 r   4.6
6.54E+10 2.64E-07 7.18E+32 1.01E+05 1.65E+08 1.23E-05 7.11E+01 1.88E-30 r   4.6
6.55E+10 2.35E-07 7.18E+32 9.81E+04 1.47E+08 1.12E-05 7.22E+01 9.28E-31 r   4.6
6.55E+10 2.09E-07 7.18E+32 9.55E+04 1.30E+08 1.02E-05 7.34E+01 4.48E-31 r   4.6
6.56E+10 1.85E-07 7.18E+32 9.30E+04 1.15E+08 9.21E-06 7.46E+01 2.11E-31 r   4.6
6.57E+10 1.63E-07 7.18E+32 9.04E+04 1.01E+08 8.33E-06 7.58E+01 9.71E-32 r   4.6
6.57E+10 1.44E-07 7.18E+32 8.79E+04 8.86E+07 7.51E-06 7.71E+01 4.34E-32 r   4.6
6.58E+10 1.26E-07 7.18E+32 8.53E+04 7.74E+07 6.76E-06 7.85E+01 1.89E-32 r   4.6
6.59E+10 1.10E-07 7.18E+32 8.28E+04 6.74E+07 6.07E-06 7.99E+01 7.94E-33 r   4.6
6.59E+10 9.57E-08 7.18E+32 8.03E+04 5.84E+07 5.42E-06 8.14E+01 3.24E-33 r   4.6
6.60E+10 8.29E-08 7.18E+32 7.77E+04 5.04E+07 4.83E-06 8.30E+01 1.27E-33 r   4.6
6.61E+10 7.15E-08 7.18E+32 7.52E+04 4.33E+07 4.29E-06 8.46E+01 4.81E-34 r   4.6
6.61E+10 6.14E-08 7.18E+32 7.27E+04 3.70E+07 3.80E-06 8.64E+01 1.75E-34 r   4.6
6.62E+10 5.24E-08 7.18E+32 7.02E+04 3.15E+07 3.35E-06 8.82E+01 6.08E-35 r   4.6
6.63E+10 4.45E-08 7.18E+32 6.77E+04 2.67E+07 2.94E-06 9.01E+01 2.01E-35 r   4.6
6.63E+10 3.76E-08 7.18E+32 6.52E+04 2.24E+07 2.56E-06 9.22E+01 6.33E-36 r   4.6
6.64E+10 3.15E-08 7.18E+32 6.27E+04 1.87E+07 2.23E-06 9.44E+01 1.88E-36 r   4.6
6.65E+10 2.63E-08 7.18E+32 6.02E+04 1.56E+07 1.93E-06 9.67E+01 5.26E-37 r   4.6
6.65E+10 2.17E-08 7.18E+32 5.77E+04 1.28E+07 1.66E-06 9.92E+01 1.37E-37 r   4.6
6.66E+10 1.78E-08 7.18E+32 5.53E+04 1.05E+07 1.41E-06 1.02E+02 3.33E-38 r   4.6
6.67E+10 1.45E-08 7.18E+32 5.28E+04 8.49E+06 1.20E-06 1.05E+02 7.43E-39 r   4.6
6.68E+10 1.17E-08 7.18E+32 5.03E+04 6.81E+06 1.01E-06 1.08E+02 1.52E-39 r   4.6
6.68E+10 9.33E-09 7.18E+32 4.79E+04 5.41E+06 8.42E-07 1.11E+02 2.80E-40 r   4.6
6.69E+10 7.36E-09 7.18E+32 4.54E+04 4.24E+06 6.96E-07 1.15E+02 4.60E-41 r   4.6
6.70E+10 5.74E-09 7.18E+32 4.29E+04 3.29E+06 5.70E-07 1.18E+02 6.66E-42 r   4.6
6.70E+10 4.41E-09 7.18E+32 4.05E+04 2.51E+06 4.62E-07 1.23E+02 8.35E-43 r   4.6
6.71E+10 3.35E-09 7.18E+32 3.81E+04 1.89E+06 3.69E-07 1.27E+02 8.86E-44 r   4.6
6.72E+10 2.50E-09 7.18E+32 3.56E+04 1.39E+06 2.91E-07 1.33E+02 7.78E-45 r   4.6
6.72E+10 1.83E-09 7.18E+32 3.32E+04 1.01E+06 2.25E-07 1.38E+02 5.47E-46 r   4.6
6.73E+10 1.32E-09 7.18E+32 3.08E+04 7.09E+05 1.72E-07 1.45E+02 2.97E-47 r   4.6
6.74E+10 9.30E-10 7.18E+32 2.84E+04 4.86E+05 1.28E-07 1.52E+02 1.18E-48 r   4.6
6.74E+10 6.44E-10 7.18E+32 2.59E+04 3.23E+05 9.27E-08 1.61E+02 3.23E-50 r   4.7
6.75E+10 4.03E-10 7.18E+32 2.33E+04 1.97E+05 6.28E-08 1.71E+02 3.81E-52 r   4.7
6.76E+10 2.38E-10 7.18E+32 2.07E+04 1.13E+05 4.06E-08 1.82E+02 2.24E-54 r   4.7
6.76E+10 1.32E-10 7.18E+32 1.81E+04 6.04E+04 2.48E-08 1.96E+02 5.28E-57 r   4.7
6.77E+10 6.69E-11 7.18E+32 1.55E+04 2.92E+04 1.40E-08 2.14E+02 3.56E-60 r   4.7
6.78E+10 3.01E-11 7.18E+32 1.29E+04 1.23E+04 7.09E-09 2.35E+02 3.97E-64 r   4.7
6.78E+10 1.14E-11 7.18E+32 1.03E+04 4.26E+03 3.06E-09 2.63E+02 2.78E-69 r   4.8
6.79E+10 3.30E-12 7.18E+32 7.73E+03 1.07E+03 1.02E-09 3.00E+02 1.73E-76 r   4.9
6.80E+10 5.93E-13 7.18E+32 5.15E+03 1.46E+02 2.09E-10 3.48E+02 7.81E-88 r   4.8
6.80E+10 3.94E-14 7.18E+32 2.57E+03 5.21E+00 1.48E-11 4.76E+02 6.45E-111 r   4.2
6.81E+10 0.00E+00 7.18E+32 0.00E+00 0.00E+00 0.00E+00 0.00E+00 0.00E+00 r   4.2
