A Homogeneous Main-Sequence Model
 The surface conditions are:        The central conditions are:
 Mtot =  1.000000E+00 Msun          Mc/Mtot     =  3.38972E-01
 Rtot =  1.020998E+00 Rsun          Rc/Rtot     =  1.23000E-01
 Ltot =  8.607100E-01 Lsun          Lc/Ltot     = -3.96864E-01
 Teff =  5.500200E+03 K             Density     =  2.41052E+02
 X    =  9.900000E-01               Temperature =  2.13057E+07
 Y    =  2.000000E-03               Pressure    =  8.41256E+17 dynes/cm**2
 Z    =  8.000000E-03               epsilon     = -1.93840E+00 ergs/s/g
                                    dlnP/dlnT   = -5.33587E+00
Notes:
 (1) Mass is listed as Qm = 1.0 - M_r/Mtot, where Mtot =     1.989e+33
 (2) Convective zones are indicated by c, radiative zones by r
 (3) dlnP/dlnT may be limited to +99.9 or -99.9# if so it is
 labeled by *
   r        Qm       L_r       T        P        rho      kap      eps     dlPdlT
8.74E+09 6.61E-01 -1.31E+33 1.10E+07 2.21E+17 1.22E+02 4.66E+00 1.72E+01 c  -5.3
9.45E+09 6.22E-01 2.08E+31 1.15E+07 1.77E+17 9.43E+01 3.32E+00 1.56E+01 r  12.9
1.02E+10 5.85E-01 1.03E+33 1.13E+07 1.44E+17 7.78E+01 3.00E+00 1.20E+01 r   6.2
1.09E+10 5.49E-01 1.76E+33 1.09E+07 1.18E+17 6.56E+01 2.91E+00 8.72E+00 r   5.0
1.16E+10 5.15E-01 2.27E+33 1.05E+07 9.63E+16 5.60E+01 2.91E+00 6.20E+00 r   4.5
1.23E+10 4.82E-01 2.61E+33 1.01E+07 7.90E+16 4.80E+01 2.95E+00 4.36E+00 r   4.3
1.30E+10 4.50E-01 2.84E+33 9.60E+06 6.50E+16 4.13E+01 3.02E+00 3.03E+00 r   4.2
1.37E+10 4.19E-01 3.00E+33 9.17E+06 5.35E+16 3.56E+01 3.10E+00 2.10E+00 r   4.1
1.44E+10 3.90E-01 3.10E+33 8.75E+06 4.41E+16 3.08E+01 3.20E+00 1.45E+00 r   4.1
1.51E+10 3.62E-01 3.17E+33 8.35E+06 3.64E+16 2.66E+01 3.30E+00 9.97E-01 r   4.1
1.58E+10 3.35E-01 3.21E+33 7.97E+06 3.00E+16 2.30E+01 3.40E+00 6.84E-01 r   4.1
1.66E+10 3.10E-01 3.24E+33 7.61E+06 2.48E+16 1.99E+01 3.51E+00 4.68E-01 r   4.1
1.73E+10 2.86E-01 3.26E+33 7.27E+06 2.05E+16 1.72E+01 3.62E+00 3.20E-01 r   4.2
1.80E+10 2.64E-01 3.27E+33 6.95E+06 1.70E+16 1.49E+01 3.73E+00 2.19E-01 r   4.2
1.87E+10 2.43E-01 3.28E+33 6.64E+06 1.41E+16 1.29E+01 3.84E+00 1.49E-01 r   4.2
1.94E+10 2.23E-01 3.28E+33 6.35E+06 1.17E+16 1.12E+01 3.95E+00 1.02E-01 r   4.2
2.01E+10 2.05E-01 3.29E+33 6.08E+06 9.68E+15 9.72E+00 4.06E+00 6.91E-02 r   4.2
2.08E+10 1.88E-01 3.29E+33 5.82E+06 8.04E+15 8.43E+00 4.16E+00 4.69E-02 r   4.3
2.15E+10 1.72E-01 3.29E+33 5.57E+06 6.68E+15 7.32E+00 4.27E+00 3.18E-02 r   4.3
2.22E+10 1.57E-01 3.29E+33 5.34E+06 5.56E+15 6.36E+00 4.38E+00 2.16E-02 r   4.3
2.30E+10 1.44E-01 3.29E+33 5.11E+06 4.63E+15 5.52E+00 4.50E+00 1.46E-02 r   4.3
2.37E+10 1.31E-01 3.29E+33 4.90E+06 3.86E+15 4.80E+00 4.61E+00 9.86E-03 r   4.3
2.44E+10 1.20E-01 3.29E+33 4.70E+06 3.21E+15 4.17E+00 4.72E+00 6.65E-03 r   4.3
2.51E+10 1.09E-01 3.29E+33 4.51E+06 2.68E+15 3.63E+00 4.83E+00 4.48E-03 r   4.4
2.58E+10 9.91E-02 3.29E+33 4.33E+06 2.24E+15 3.16E+00 4.94E+00 3.01E-03 r   4.4
2.65E+10 9.00E-02 3.29E+33 4.15E+06 1.87E+15 2.75E+00 5.05E+00 2.02E-03 r   4.4
2.72E+10 8.17E-02 3.29E+33 3.99E+06 1.56E+15 2.39E+00 5.17E+00 1.35E-03 r   4.4
2.79E+10 7.41E-02 3.29E+33 3.83E+06 1.31E+15 2.09E+00 5.28E+00 9.04E-04 r   4.4
2.86E+10 6.71E-02 3.29E+33 3.68E+06 1.09E+15 1.82E+00 5.40E+00 6.03E-04 r   4.4
2.93E+10 6.07E-02 3.29E+33 3.53E+06 9.16E+14 1.58E+00 5.52E+00 4.01E-04 r   4.4
3.01E+10 5.48E-02 3.29E+33 3.39E+06 7.67E+14 1.38E+00 5.64E+00 2.66E-04 r   4.4
3.08E+10 4.95E-02 3.29E+33 3.26E+06 6.42E+14 1.20E+00 5.76E+00 1.76E-04 r   4.4
3.15E+10 4.46E-02 3.29E+33 3.13E+06 5.38E+14 1.05E+00 5.88E+00 1.16E-04 r   4.5
3.22E+10 4.01E-02 3.29E+33 3.01E+06 4.51E+14 9.14E-01 6.01E+00 7.59E-05 r   4.5
3.29E+10 3.61E-02 3.29E+33 2.89E+06 3.77E+14 7.96E-01 6.13E+00 4.97E-05 r   4.5
3.36E+10 3.24E-02 3.29E+33 2.78E+06 3.16E+14 6.94E-01 6.26E+00 3.24E-05 r   4.5
3.43E+10 2.90E-02 3.29E+33 2.67E+06 2.65E+14 6.05E-01 6.39E+00 2.10E-05 r   4.5
3.50E+10 2.60E-02 3.29E+33 2.57E+06 2.22E+14 5.27E-01 6.53E+00 1.36E-05 r   4.5
3.57E+10 2.32E-02 3.29E+33 2.47E+06 1.85E+14 4.59E-01 6.66E+00 8.71E-06 r   4.5
3.65E+10 2.07E-02 3.29E+33 2.37E+06 1.55E+14 3.99E-01 6.80E+00 5.56E-06 r   4.5
3.72E+10 1.84E-02 3.29E+33 2.28E+06 1.30E+14 3.47E-01 6.95E+00 3.54E-06 r   4.5
3.79E+10 1.64E-02 3.29E+33 2.19E+06 1.08E+14 3.02E-01 7.10E+00 2.23E-06 r   4.5
3.86E+10 1.46E-02 3.29E+33 2.10E+06 9.04E+13 2.62E-01 7.25E+00 1.40E-06 r   4.5
3.93E+10 1.29E-02 3.29E+33 2.02E+06 7.54E+13 2.28E-01 7.40E+00 8.74E-07 r   4.5
4.00E+10 1.14E-02 3.29E+33 1.94E+06 6.28E+13 1.98E-01 7.56E+00 5.41E-07 r   4.5
4.07E+10 1.00E-02 3.29E+33 1.86E+06 5.22E+13 1.71E-01 7.72E+00 3.32E-07 r   4.5
4.08E+10 9.92E-03 3.29E+33 1.85E+06 5.13E+13 1.69E-01 7.74E+00 3.16E-07 r   4.5
4.09E+10 9.79E-03 3.29E+33 1.85E+06 5.03E+13 1.66E-01 7.76E+00 3.01E-07 r   4.5
4.09E+10 9.67E-03 3.29E+33 1.84E+06 4.94E+13 1.64E-01 7.77E+00 2.86E-07 r   4.5
4.10E+10 9.55E-03 3.29E+33 1.83E+06 4.85E+13 1.62E-01 7.79E+00 2.72E-07 r   4.5
4.11E+10 9.42E-03 3.29E+33 1.82E+06 4.76E+13 1.59E-01 7.81E+00 2.59E-07 r   4.5
4.11E+10 9.30E-03 3.29E+33 1.82E+06 4.68E+13 1.57E-01 7.82E+00 2.47E-07 r   4.5
4.12E+10 9.19E-03 3.29E+33 1.81E+06 4.59E+13 1.55E-01 7.84E+00 2.35E-07 r   4.5
4.13E+10 9.07E-03 3.29E+33 1.80E+06 4.50E+13 1.53E-01 7.86E+00 2.23E-07 r   4.5
4.14E+10 8.95E-03 3.29E+33 1.79E+06 4.42E+13 1.50E-01 7.87E+00 2.12E-07 r   4.5
4.14E+10 8.84E-03 3.29E+33 1.79E+06 4.34E+13 1.48E-01 7.89E+00 2.02E-07 r   4.5
4.15E+10 8.72E-03 3.29E+33 1.78E+06 4.26E+13 1.46E-01 7.91E+00 1.92E-07 r   4.5
4.16E+10 8.61E-03 3.29E+33 1.77E+06 4.18E+13 1.44E-01 7.93E+00 1.83E-07 r   4.5
4.16E+10 8.50E-03 3.29E+33 1.76E+06 4.10E+13 1.42E-01 7.94E+00 1.74E-07 r   4.5
4.17E+10 8.39E-03 3.29E+33 1.76E+06 4.03E+13 1.40E-01 7.96E+00 1.65E-07 r   4.5
4.18E+10 8.28E-03 3.29E+33 1.75E+06 3.95E+13 1.38E-01 7.98E+00 1.57E-07 r   4.5
4.19E+10 8.17E-03 3.29E+33 1.74E+06 3.88E+13 1.36E-01 8.00E+00 1.49E-07 r   4.5
4.19E+10 8.07E-03 3.29E+33 1.74E+06 3.81E+13 1.34E-01 8.01E+00 1.42E-07 r   4.5
4.20E+10 7.96E-03 3.29E+33 1.73E+06 3.74E+13 1.32E-01 8.03E+00 1.35E-07 r   4.5
4.21E+10 7.86E-03 3.29E+33 1.72E+06 3.67E+13 1.30E-01 8.05E+00 1.28E-07 r   4.5
4.21E+10 7.76E-03 3.29E+33 1.71E+06 3.60E+13 1.28E-01 8.07E+00 1.22E-07 r   4.5
4.22E+10 7.66E-03 3.29E+33 1.71E+06 3.53E+13 1.26E-01 8.08E+00 1.16E-07 r   4.5
4.23E+10 7.55E-03 3.29E+33 1.70E+06 3.47E+13 1.24E-01 8.10E+00 1.10E-07 r   4.5
4.24E+10 7.46E-03 3.29E+33 1.69E+06 3.40E+13 1.23E-01 8.12E+00 1.05E-07 r   4.5
4.24E+10 7.36E-03 3.29E+33 1.69E+06 3.34E+13 1.21E-01 8.14E+00 9.93E-08 r   4.5
4.25E+10 7.26E-03 3.29E+33 1.68E+06 3.28E+13 1.19E-01 8.15E+00 9.43E-08 r   4.5
4.26E+10 7.16E-03 3.29E+33 1.67E+06 3.22E+13 1.17E-01 8.17E+00 8.96E-08 r   4.5
4.26E+10 7.07E-03 3.29E+33 1.67E+06 3.16E+13 1.16E-01 8.19E+00 8.50E-08 r   4.5
4.27E+10 6.98E-03 3.29E+33 1.66E+06 3.10E+13 1.14E-01 8.21E+00 8.08E-08 r   4.5
4.28E+10 6.88E-03 3.29E+33 1.65E+06 3.04E+13 1.12E-01 8.23E+00 7.67E-08 r   4.5
4.28E+10 6.79E-03 3.29E+33 1.64E+06 2.98E+13 1.11E-01 8.24E+00 7.28E-08 r   4.5
4.29E+10 6.70E-03 3.29E+33 1.64E+06 2.93E+13 1.09E-01 8.26E+00 6.91E-08 r   4.5
4.30E+10 6.61E-03 3.29E+33 1.63E+06 2.87E+13 1.07E-01 8.28E+00 6.56E-08 r   4.5
4.31E+10 6.52E-03 3.29E+33 1.62E+06 2.82E+13 1.06E-01 8.30E+00 6.22E-08 r   4.5
4.31E+10 6.43E-03 3.29E+33 1.62E+06 2.76E+13 1.04E-01 8.32E+00 5.91E-08 r   4.5
4.32E+10 6.35E-03 3.29E+33 1.61E+06 2.71E+13 1.03E-01 8.34E+00 5.60E-08 r   4.5
4.33E+10 6.26E-03 3.29E+33 1.60E+06 2.66E+13 1.01E-01 8.36E+00 5.32E-08 r   4.5
4.33E+10 6.18E-03 3.29E+33 1.60E+06 2.61E+13 9.98E-02 8.37E+00 5.04E-08 r   4.5
4.34E+10 6.09E-03 3.29E+33 1.59E+06 2.56E+13 9.83E-02 8.39E+00 4.79E-08 r   4.5
4.35E+10 6.01E-03 3.29E+33 1.58E+06 2.51E+13 9.69E-02 8.41E+00 4.54E-08 r   4.5
4.36E+10 5.93E-03 3.29E+33 1.58E+06 2.47E+13 9.54E-02 8.43E+00 4.30E-08 r   4.5
4.36E+10 5.85E-03 3.29E+33 1.57E+06 2.42E+13 9.40E-02 8.45E+00 4.08E-08 r   4.5
4.37E+10 5.77E-03 3.29E+33 1.56E+06 2.37E+13 9.26E-02 8.47E+00 3.87E-08 r   4.5
4.38E+10 5.69E-03 3.29E+33 1.56E+06 2.33E+13 9.13E-02 8.49E+00 3.67E-08 r   4.5
4.38E+10 5.61E-03 3.29E+33 1.55E+06 2.28E+13 8.99E-02 8.51E+00 3.48E-08 r   4.5
4.39E+10 5.53E-03 3.29E+33 1.54E+06 2.24E+13 8.86E-02 8.53E+00 3.30E-08 r   4.5
4.40E+10 5.46E-03 3.29E+33 1.54E+06 2.20E+13 8.72E-02 8.54E+00 3.12E-08 r   4.5
4.41E+10 5.38E-03 3.29E+33 1.53E+06 2.16E+13 8.59E-02 8.56E+00 2.96E-08 r   4.5
4.41E+10 5.31E-03 3.29E+33 1.52E+06 2.11E+13 8.47E-02 8.58E+00 2.80E-08 r   4.5
4.42E+10 5.23E-03 3.29E+33 1.52E+06 2.07E+13 8.34E-02 8.60E+00 2.66E-08 r   4.5
4.43E+10 5.16E-03 3.29E+33 1.51E+06 2.03E+13 8.22E-02 8.62E+00 2.52E-08 r   4.5
4.43E+10 5.09E-03 3.29E+33 1.50E+06 2.00E+13 8.09E-02 8.64E+00 2.38E-08 r   4.5
4.44E+10 5.02E-03 3.29E+33 1.50E+06 1.96E+13 7.97E-02 8.66E+00 2.26E-08 r   4.5
4.45E+10 4.95E-03 3.29E+33 1.49E+06 1.92E+13 7.85E-02 8.68E+00 2.14E-08 r   4.5
4.46E+10 4.88E-03 3.29E+33 1.49E+06 1.88E+13 7.73E-02 8.70E+00 2.02E-08 r   4.5
4.46E+10 4.81E-03 3.29E+33 1.48E+06 1.85E+13 7.62E-02 8.72E+00 1.92E-08 r   4.5
4.47E+10 4.74E-03 3.29E+33 1.47E+06 1.81E+13 7.50E-02 8.74E+00 1.81E-08 r   4.5
4.48E+10 4.68E-03 3.29E+33 1.47E+06 1.78E+13 7.39E-02 8.76E+00 1.72E-08 r   4.5
4.48E+10 4.61E-03 3.29E+33 1.46E+06 1.74E+13 7.28E-02 8.78E+00 1.62E-08 r   4.5
4.49E+10 4.54E-03 3.29E+33 1.45E+06 1.71E+13 7.17E-02 8.80E+00 1.54E-08 r   4.5
4.50E+10 4.48E-03 3.29E+33 1.45E+06 1.68E+13 7.06E-02 8.82E+00 1.45E-08 r   4.5
4.51E+10 4.42E-03 3.29E+33 1.44E+06 1.64E+13 6.95E-02 8.84E+00 1.38E-08 r   4.5
4.51E+10 4.35E-03 3.29E+33 1.44E+06 1.61E+13 6.85E-02 8.86E+00 1.30E-08 r   4.5
4.52E+10 4.29E-03 3.29E+33 1.43E+06 1.58E+13 6.74E-02 8.88E+00 1.23E-08 r   4.5
4.53E+10 4.23E-03 3.29E+33 1.42E+06 1.55E+13 6.64E-02 8.90E+00 1.16E-08 r   4.5
4.53E+10 4.17E-03 3.29E+33 1.42E+06 1.52E+13 6.54E-02 8.92E+00 1.10E-08 r   4.5
4.54E+10 4.11E-03 3.29E+33 1.41E+06 1.49E+13 6.44E-02 8.94E+00 1.04E-08 r   4.5
4.55E+10 4.05E-03 3.29E+33 1.40E+06 1.46E+13 6.34E-02 8.97E+00 9.83E-09 r   4.5
4.55E+10 3.99E-03 3.29E+33 1.40E+06 1.43E+13 6.25E-02 8.99E+00 9.29E-09 r   4.5
4.56E+10 3.93E-03 3.29E+33 1.39E+06 1.40E+13 6.15E-02 9.01E+00 8.78E-09 r   4.5
4.57E+10 3.88E-03 3.29E+33 1.39E+06 1.38E+13 6.06E-02 9.03E+00 8.30E-09 r   4.5
4.58E+10 3.82E-03 3.29E+33 1.38E+06 1.35E+13 5.96E-02 9.05E+00 7.84E-09 r   4.5
4.58E+10 3.76E-03 3.29E+33 1.37E+06 1.32E+13 5.87E-02 9.07E+00 7.41E-09 r   4.5
4.59E+10 3.71E-03 3.29E+33 1.37E+06 1.30E+13 5.78E-02 9.09E+00 6.99E-09 r   4.5
4.60E+10 3.65E-03 3.29E+33 1.36E+06 1.27E+13 5.69E-02 9.11E+00 6.60E-09 r   4.5
4.60E+10 3.60E-03 3.29E+33 1.36E+06 1.25E+13 5.61E-02 9.13E+00 6.24E-09 r   4.5
4.61E+10 3.55E-03 3.29E+33 1.35E+06 1.22E+13 5.52E-02 9.16E+00 5.89E-09 r   4.5
4.62E+10 3.50E-03 3.29E+33 1.34E+06 1.20E+13 5.43E-02 9.18E+00 5.56E-09 r   4.5
4.63E+10 3.44E-03 3.29E+33 1.34E+06 1.17E+13 5.35E-02 9.20E+00 5.25E-09 r   4.5
4.63E+10 3.39E-03 3.29E+33 1.33E+06 1.15E+13 5.27E-02 9.22E+00 4.95E-09 r   4.5
4.64E+10 3.34E-03 3.29E+33 1.33E+06 1.13E+13 5.18E-02 9.24E+00 4.67E-09 r   4.5
4.65E+10 3.29E-03 3.29E+33 1.32E+06 1.10E+13 5.10E-02 9.26E+00 4.41E-09 r   4.5
4.65E+10 3.24E-03 3.29E+33 1.31E+06 1.08E+13 5.02E-02 9.29E+00 4.16E-09 r   4.5
4.66E+10 3.20E-03 3.29E+33 1.31E+06 1.06E+13 4.95E-02 9.31E+00 3.92E-09 r   4.5
4.67E+10 3.15E-03 3.29E+33 1.30E+06 1.04E+13 4.87E-02 9.33E+00 3.70E-09 r   4.5
4.68E+10 3.10E-03 3.29E+33 1.30E+06 1.02E+13 4.79E-02 9.35E+00 3.48E-09 r   4.5
4.68E+10 3.05E-03 3.29E+33 1.29E+06 9.99E+12 4.72E-02 9.38E+00 3.28E-09 r   4.5
4.69E+10 3.01E-03 3.29E+33 1.29E+06 9.79E+12 4.64E-02 9.40E+00 3.10E-09 r   4.5
4.70E+10 2.96E-03 3.29E+33 1.28E+06 9.59E+12 4.57E-02 9.42E+00 2.92E-09 r   4.5
4.70E+10 2.92E-03 3.29E+33 1.27E+06 9.40E+12 4.50E-02 9.44E+00 2.75E-09 r   4.5
4.71E+10 2.87E-03 3.29E+33 1.27E+06 9.21E+12 4.43E-02 9.47E+00 2.59E-09 r   4.5
4.72E+10 2.83E-03 3.29E+33 1.26E+06 9.02E+12 4.36E-02 9.49E+00 2.44E-09 r   4.5
4.73E+10 2.78E-03 3.29E+33 1.26E+06 8.84E+12 4.29E-02 9.51E+00 2.30E-09 r   4.5
4.73E+10 2.74E-03 3.29E+33 1.25E+06 8.66E+12 4.22E-02 9.53E+00 2.16E-09 r   4.5
4.74E+10 2.70E-03 3.29E+33 1.25E+06 8.49E+12 4.15E-02 9.56E+00 2.04E-09 r   4.5
4.75E+10 2.66E-03 3.29E+33 1.24E+06 8.31E+12 4.09E-02 9.58E+00 1.92E-09 r   4.5
4.75E+10 2.62E-03 3.29E+33 1.23E+06 8.14E+12 4.02E-02 9.60E+00 1.80E-09 r   4.5
4.76E+10 2.58E-03 3.29E+33 1.23E+06 7.98E+12 3.96E-02 9.63E+00 1.70E-09 r   4.5
4.77E+10 2.54E-03 3.29E+33 1.22E+06 7.82E+12 3.90E-02 9.65E+00 1.60E-09 r   4.5
4.78E+10 2.50E-03 3.29E+33 1.22E+06 7.66E+12 3.83E-02 9.67E+00 1.50E-09 r   4.5
4.78E+10 2.46E-03 3.29E+33 1.21E+06 7.50E+12 3.77E-02 9.70E+00 1.41E-09 r   4.5
4.79E+10 2.42E-03 3.29E+33 1.21E+06 7.35E+12 3.71E-02 9.72E+00 1.33E-09 r   4.5
4.80E+10 2.38E-03 3.29E+33 1.20E+06 7.19E+12 3.65E-02 9.75E+00 1.25E-09 r   4.5
4.80E+10 2.34E-03 3.29E+33 1.20E+06 7.05E+12 3.59E-02 9.77E+00 1.18E-09 r   4.5
4.81E+10 2.31E-03 3.29E+33 1.19E+06 6.90E+12 3.54E-02 9.79E+00 1.10E-09 r   4.5
4.82E+10 2.27E-03 3.29E+33 1.19E+06 6.76E+12 3.48E-02 9.82E+00 1.04E-09 r   4.5
4.83E+10 2.23E-03 3.29E+33 1.18E+06 6.62E+12 3.42E-02 9.84E+00 9.75E-10 r   4.5
4.83E+10 2.20E-03 3.29E+33 1.17E+06 6.48E+12 3.37E-02 9.87E+00 9.16E-10 r   4.5
4.84E+10 2.16E-03 3.29E+33 1.17E+06 6.35E+12 3.31E-02 9.89E+00 8.61E-10 r   4.5
4.85E+10 2.13E-03 3.29E+33 1.16E+06 6.22E+12 3.26E-02 9.92E+00 8.08E-10 r   4.5
4.85E+10 2.10E-03 3.29E+33 1.16E+06 6.09E+12 3.21E-02 9.94E+00 7.59E-10 r   4.5
4.86E+10 2.06E-03 3.29E+33 1.15E+06 5.96E+12 3.15E-02 9.97E+00 7.12E-10 r   4.5
4.87E+10 2.03E-03 3.29E+33 1.15E+06 5.84E+12 3.10E-02 9.99E+00 6.69E-10 r   4.5
4.87E+10 2.00E-03 3.29E+33 1.14E+06 5.71E+12 3.05E-02 1.00E+01 6.27E-10 r   4.5
4.88E+10 1.96E-03 3.29E+33 1.14E+06 5.59E+12 3.00E-02 1.00E+01 5.89E-10 r   4.5
4.89E+10 1.93E-03 3.29E+33 1.13E+06 5.48E+12 2.95E-02 1.01E+01 5.52E-10 r   4.5
4.90E+10 1.90E-03 3.29E+33 1.13E+06 5.36E+12 2.90E-02 1.01E+01 5.18E-10 r   4.5
4.90E+10 1.87E-03 3.29E+33 1.12E+06 5.25E+12 2.86E-02 1.01E+01 4.85E-10 r   4.5
4.91E+10 1.84E-03 3.29E+33 1.12E+06 5.14E+12 2.81E-02 1.01E+01 4.55E-10 r   4.5
4.92E+10 1.81E-03 3.29E+33 1.11E+06 5.03E+12 2.76E-02 1.02E+01 4.27E-10 r   4.5
4.92E+10 1.78E-03 3.29E+33 1.11E+06 4.92E+12 2.72E-02 1.02E+01 4.00E-10 r   4.5
4.93E+10 1.75E-03 3.29E+33 1.10E+06 4.82E+12 2.67E-02 1.02E+01 3.75E-10 r   4.5
4.94E+10 1.72E-03 3.29E+33 1.09E+06 4.72E+12 2.63E-02 1.02E+01 3.51E-10 r   4.5
4.95E+10 1.69E-03 3.29E+33 1.09E+06 4.62E+12 2.58E-02 1.03E+01 3.29E-10 r   4.5
4.95E+10 1.66E-03 3.29E+33 1.08E+06 4.52E+12 2.54E-02 1.03E+01 3.08E-10 r   4.5
4.96E+10 1.64E-03 3.29E+33 1.08E+06 4.42E+12 2.50E-02 1.03E+01 2.88E-10 r   4.5
4.97E+10 1.61E-03 3.29E+33 1.07E+06 4.33E+12 2.46E-02 1.04E+01 2.70E-10 r   4.5
4.97E+10 1.58E-03 3.29E+33 1.07E+06 4.23E+12 2.42E-02 1.04E+01 2.52E-10 r   4.5
4.98E+10 1.55E-03 3.29E+33 1.06E+06 4.14E+12 2.37E-02 1.04E+01 2.36E-10 r   4.5
4.99E+10 1.53E-03 3.29E+33 1.06E+06 4.05E+12 2.33E-02 1.04E+01 2.21E-10 r   4.5
5.00E+10 1.50E-03 3.29E+33 1.05E+06 3.96E+12 2.30E-02 1.05E+01 2.06E-10 r   4.5
5.00E+10 1.48E-03 3.29E+33 1.05E+06 3.88E+12 2.26E-02 1.05E+01 1.93E-10 r   4.5
5.01E+10 1.45E-03 3.29E+33 1.04E+06 3.80E+12 2.22E-02 1.05E+01 1.80E-10 r   4.5
5.02E+10 1.43E-03 3.29E+33 1.04E+06 3.71E+12 2.18E-02 1.05E+01 1.69E-10 r   4.5
5.02E+10 1.40E-03 3.29E+33 1.03E+06 3.63E+12 2.14E-02 1.06E+01 1.58E-10 r   4.5
5.03E+10 1.38E-03 3.29E+33 1.03E+06 3.55E+12 2.11E-02 1.06E+01 1.47E-10 r   4.5
5.04E+10 1.35E-03 3.29E+33 1.02E+06 3.48E+12 2.07E-02 1.06E+01 1.37E-10 r   4.5
5.05E+10 1.33E-03 3.29E+33 1.02E+06 3.40E+12 2.04E-02 1.07E+01 1.28E-10 r   4.5
5.05E+10 1.31E-03 3.29E+33 1.01E+06 3.32E+12 2.00E-02 1.07E+01 1.20E-10 r   4.5
5.06E+10 1.28E-03 3.29E+33 1.01E+06 3.25E+12 1.97E-02 1.07E+01 1.12E-10 r   4.5
5.07E+10 1.26E-03 3.29E+33 1.00E+06 3.18E+12 1.93E-02 1.07E+01 1.04E-10 r   4.5
5.07E+10 1.24E-03 3.29E+33 9.99E+05 3.11E+12 1.90E-02 1.08E+01 9.73E-11 r   4.5
5.08E+10 1.22E-03 3.29E+33 9.94E+05 3.04E+12 1.87E-02 1.08E+01 9.08E-11 r   4.5
5.09E+10 1.20E-03 3.29E+33 9.89E+05 2.97E+12 1.83E-02 1.08E+01 8.47E-11 r   4.5
5.10E+10 1.18E-03 3.29E+33 9.84E+05 2.91E+12 1.80E-02 1.09E+01 7.89E-11 r   4.5
5.10E+10 1.16E-03 3.29E+33 9.79E+05 2.84E+12 1.77E-02 1.09E+01 7.35E-11 r   4.6
5.11E+10 1.13E-03 3.29E+33 9.75E+05 2.78E+12 1.74E-02 1.09E+01 6.85E-11 r   4.6
5.12E+10 1.11E-03 3.29E+33 9.70E+05 2.72E+12 1.71E-02 1.09E+01 6.38E-11 r   4.6
5.12E+10 1.09E-03 3.29E+33 9.65E+05 2.66E+12 1.68E-02 1.10E+01 5.94E-11 r   4.6
5.13E+10 1.07E-03 3.29E+33 9.60E+05 2.60E+12 1.65E-02 1.10E+01 5.53E-11 r   4.6
5.14E+10 1.06E-03 3.29E+33 9.55E+05 2.54E+12 1.62E-02 1.10E+01 5.15E-11 r   4.6
5.14E+10 1.04E-03 3.29E+33 9.51E+05 2.48E+12 1.59E-02 1.11E+01 4.79E-11 r   4.6
5.15E+10 1.02E-03 3.29E+33 9.46E+05 2.42E+12 1.56E-02 1.11E+01 4.46E-11 r   4.6
5.16E+10 9.99E-04 3.29E+33 9.41E+05 2.37E+12 1.54E-02 1.11E+01 4.15E-11 r   4.6
5.17E+10 9.81E-04 3.29E+33 9.36E+05 2.32E+12 1.51E-02 1.12E+01 3.86E-11 r   4.6
5.17E+10 9.63E-04 3.29E+33 9.32E+05 2.26E+12 1.48E-02 1.12E+01 3.59E-11 r   4.6
5.18E+10 9.45E-04 3.29E+33 9.27E+05 2.21E+12 1.46E-02 1.12E+01 3.33E-11 r   4.6
5.19E+10 9.28E-04 3.29E+33 9.22E+05 2.16E+12 1.43E-02 1.13E+01 3.10E-11 r   4.6
5.19E+10 9.11E-04 3.29E+33 9.18E+05 2.11E+12 1.40E-02 1.13E+01 2.88E-11 r   4.6
5.20E+10 8.94E-04 3.29E+33 9.13E+05 2.06E+12 1.38E-02 1.13E+01 2.67E-11 r   4.6
5.21E+10 8.77E-04 3.29E+33 9.08E+05 2.02E+12 1.35E-02 1.13E+01 2.48E-11 r   4.6
5.22E+10 8.61E-04 3.29E+33 9.04E+05 1.97E+12 1.33E-02 1.14E+01 2.30E-11 r   4.6
5.22E+10 8.45E-04 3.29E+33 8.99E+05 1.92E+12 1.31E-02 1.14E+01 2.13E-11 r   4.6
5.23E+10 8.29E-04 3.29E+33 8.94E+05 1.88E+12 1.28E-02 1.14E+01 1.98E-11 r   4.6
5.24E+10 8.13E-04 3.29E+33 8.90E+05 1.84E+12 1.26E-02 1.15E+01 1.84E-11 r   4.6
5.24E+10 7.98E-04 3.29E+33 8.85E+05 1.79E+12 1.24E-02 1.15E+01 1.70E-11 r   4.6
5.25E+10 7.83E-04 3.29E+33 8.81E+05 1.75E+12 1.21E-02 1.15E+01 1.58E-11 r   4.6
5.26E+10 7.68E-04 3.29E+33 8.76E+05 1.71E+12 1.19E-02 1.16E+01 1.46E-11 r   4.6
5.27E+10 7.53E-04 3.29E+33 8.71E+05 1.67E+12 1.17E-02 1.16E+01 1.35E-11 r   4.6
5.27E+10 7.39E-04 3.29E+33 8.67E+05 1.63E+12 1.15E-02 1.16E+01 1.25E-11 r   4.6
5.28E+10 7.25E-04 3.29E+33 8.62E+05 1.59E+12 1.13E-02 1.17E+01 1.16E-11 r   4.6
5.29E+10 7.11E-04 3.29E+33 8.58E+05 1.55E+12 1.11E-02 1.17E+01 1.07E-11 r   4.6
5.29E+10 6.97E-04 3.29E+33 8.53E+05 1.52E+12 1.08E-02 1.17E+01 9.93E-12 r   4.6
5.30E+10 6.83E-04 3.29E+33 8.49E+05 1.48E+12 1.06E-02 1.18E+01 9.18E-12 r   4.6
5.31E+10 6.70E-04 3.29E+33 8.44E+05 1.45E+12 1.04E-02 1.18E+01 8.49E-12 r   4.6
5.32E+10 6.57E-04 3.29E+33 8.40E+05 1.41E+12 1.02E-02 1.18E+01 7.85E-12 r   4.6
5.32E+10 6.44E-04 3.29E+33 8.35E+05 1.38E+12 1.01E-02 1.19E+01 7.25E-12 r   4.6
5.33E+10 6.31E-04 3.29E+33 8.31E+05 1.34E+12 9.87E-03 1.19E+01 6.70E-12 r   4.6
5.34E+10 6.19E-04 3.29E+33 8.27E+05 1.31E+12 9.68E-03 1.19E+01 6.18E-12 r   4.6
5.34E+10 6.06E-04 3.29E+33 8.22E+05 1.28E+12 9.50E-03 1.20E+01 5.71E-12 r   4.6
5.35E+10 5.94E-04 3.29E+33 8.18E+05 1.25E+12 9.32E-03 1.20E+01 5.27E-12 r   4.6
5.36E+10 5.83E-04 3.29E+33 8.13E+05 1.22E+12 9.14E-03 1.21E+01 4.86E-12 r   4.6
5.37E+10 5.71E-04 3.29E+33 8.09E+05 1.19E+12 8.97E-03 1.21E+01 4.48E-12 r   4.6
5.37E+10 5.59E-04 3.29E+33 8.05E+05 1.16E+12 8.80E-03 1.21E+01 4.13E-12 r   4.6
5.38E+10 5.48E-04 3.29E+33 8.00E+05 1.13E+12 8.63E-03 1.22E+01 3.80E-12 r   4.6
5.39E+10 5.37E-04 3.29E+33 7.96E+05 1.10E+12 8.46E-03 1.22E+01 3.50E-12 r   4.6
5.39E+10 5.26E-04 3.29E+33 7.91E+05 1.08E+12 8.30E-03 1.22E+01 3.23E-12 r   4.6
5.40E+10 5.15E-04 3.29E+33 7.87E+05 1.05E+12 8.14E-03 1.23E+01 2.97E-12 r   4.6
5.41E+10 5.05E-04 3.29E+33 7.83E+05 1.02E+12 7.98E-03 1.23E+01 2.73E-12 r   4.6
5.41E+10 4.94E-04 3.29E+33 7.78E+05 9.99E+11 7.82E-03 1.24E+01 2.51E-12 r   4.6
5.42E+10 4.84E-04 3.29E+33 7.74E+05 9.74E+11 7.67E-03 1.24E+01 2.31E-12 r   4.6
5.43E+10 4.74E-04 3.29E+33 7.70E+05 9.49E+11 7.52E-03 1.24E+01 2.12E-12 r   4.6
5.44E+10 4.64E-04 3.29E+33 7.66E+05 9.26E+11 7.37E-03 1.25E+01 1.95E-12 r   4.6
5.44E+10 4.54E-04 3.29E+33 7.61E+05 9.02E+11 7.23E-03 1.25E+01 1.79E-12 r   4.6
5.45E+10 4.45E-04 3.29E+33 7.57E+05 8.80E+11 7.09E-03 1.25E+01 1.65E-12 r   4.6
5.46E+10 4.36E-04 3.29E+33 7.53E+05 8.57E+11 6.95E-03 1.26E+01 1.51E-12 r   4.6
5.46E+10 4.26E-04 3.29E+33 7.49E+05 8.36E+11 6.81E-03 1.26E+01 1.39E-12 r   4.6
5.47E+10 4.17E-04 3.29E+33 7.44E+05 8.14E+11 6.67E-03 1.27E+01 1.27E-12 r   4.6
5.48E+10 4.08E-04 3.29E+33 7.40E+05 7.94E+11 6.54E-03 1.27E+01 1.16E-12 r   4.6
5.49E+10 4.00E-04 3.29E+33 7.36E+05 7.73E+11 6.41E-03 1.27E+01 1.07E-12 r   4.6
5.49E+10 3.91E-04 3.29E+33 7.32E+05 7.54E+11 6.28E-03 1.28E+01 9.78E-13 r   4.6
5.50E+10 3.83E-04 3.29E+33 7.28E+05 7.34E+11 6.15E-03 1.28E+01 8.95E-13 r   4.6
5.51E+10 3.74E-04 3.29E+33 7.24E+05 7.15E+11 6.03E-03 1.29E+01 8.19E-13 r   4.6
5.51E+10 3.66E-04 3.29E+33 7.19E+05 6.97E+11 5.91E-03 1.29E+01 7.49E-13 r   4.6
5.52E+10 3.58E-04 3.29E+33 7.15E+05 6.79E+11 5.79E-03 1.29E+01 6.85E-13 r   4.6
5.53E+10 3.50E-04 3.29E+33 7.11E+05 6.61E+11 5.67E-03 1.30E+01 6.26E-13 r   4.6
5.54E+10 3.43E-04 3.29E+33 7.07E+05 6.44E+11 5.55E-03 1.30E+01 5.72E-13 r   4.6
5.54E+10 3.35E-04 3.29E+33 7.03E+05 6.27E+11 5.44E-03 1.31E+01 5.23E-13 r   4.6
5.55E+10 3.28E-04 3.29E+33 6.99E+05 6.10E+11 5.33E-03 1.31E+01 4.77E-13 r   4.6
5.56E+10 3.20E-04 3.29E+33 6.95E+05 5.94E+11 5.22E-03 1.32E+01 4.35E-13 r   4.6
5.56E+10 3.13E-04 3.29E+33 6.91E+05 5.78E+11 5.11E-03 1.32E+01 3.97E-13 r   4.6
5.57E+10 3.06E-04 3.29E+33 6.87E+05 5.63E+11 5.00E-03 1.32E+01 3.62E-13 r   4.6
5.58E+10 2.99E-04 3.29E+33 6.82E+05 5.48E+11 4.90E-03 1.33E+01 3.30E-13 r   4.6
5.59E+10 2.93E-04 3.29E+33 6.78E+05 5.33E+11 4.79E-03 1.33E+01 3.00E-13 r   4.6
5.59E+10 2.86E-04 3.29E+33 6.74E+05 5.19E+11 4.69E-03 1.34E+01 2.73E-13 r   4.6
5.60E+10 2.79E-04 3.29E+33 6.70E+05 5.05E+11 4.59E-03 1.34E+01 2.49E-13 r   4.6
5.61E+10 2.73E-04 3.29E+33 6.66E+05 4.91E+11 4.50E-03 1.35E+01 2.26E-13 r   4.6
5.61E+10 2.67E-04 3.29E+33 6.62E+05 4.78E+11 4.40E-03 1.35E+01 2.06E-13 r   4.6
5.62E+10 2.61E-04 3.29E+33 6.58E+05 4.65E+11 4.31E-03 1.36E+01 1.87E-13 r   4.6
5.63E+10 2.54E-04 3.29E+33 6.54E+05 4.52E+11 4.22E-03 1.36E+01 1.70E-13 r   4.6
5.64E+10 2.49E-04 3.29E+33 6.50E+05 4.40E+11 4.12E-03 1.36E+01 1.54E-13 r   4.6
5.64E+10 2.43E-04 3.29E+33 6.46E+05 4.28E+11 4.04E-03 1.37E+01 1.40E-13 r   4.6
5.65E+10 2.37E-04 3.29E+33 6.43E+05 4.16E+11 3.95E-03 1.37E+01 1.27E-13 r   4.6
5.66E+10 2.31E-04 3.29E+33 6.39E+05 4.04E+11 3.86E-03 1.38E+01 1.15E-13 r   4.6
5.66E+10 2.26E-04 3.29E+33 6.35E+05 3.93E+11 3.78E-03 1.38E+01 1.04E-13 r   4.6
5.67E+10 2.20E-04 3.29E+33 6.31E+05 3.82E+11 3.70E-03 1.39E+01 9.42E-14 r   4.6
5.68E+10 2.15E-04 3.29E+33 6.27E+05 3.72E+11 3.62E-03 1.39E+01 8.52E-14 r   4.6
5.68E+10 2.10E-04 3.29E+33 6.23E+05 3.61E+11 3.54E-03 1.40E+01 7.71E-14 r   4.6
5.69E+10 2.05E-04 3.29E+33 6.19E+05 3.51E+11 3.46E-03 1.40E+01 6.97E-14 r   4.6
5.70E+10 2.00E-04 3.29E+33 6.15E+05 3.41E+11 3.38E-03 1.41E+01 6.29E-14 r   4.6
5.71E+10 1.95E-04 3.29E+33 6.11E+05 3.31E+11 3.31E-03 1.41E+01 5.68E-14 r   4.6
5.71E+10 1.90E-04 3.29E+33 6.07E+05 3.22E+11 3.23E-03 1.42E+01 5.13E-14 r   4.6
5.72E+10 1.86E-04 3.29E+33 6.04E+05 3.13E+11 3.16E-03 1.42E+01 4.62E-14 r   4.6
5.73E+10 1.81E-04 3.29E+33 6.00E+05 3.04E+11 3.09E-03 1.43E+01 4.17E-14 r   4.6
5.73E+10 1.77E-04 3.29E+33 5.96E+05 2.95E+11 3.02E-03 1.43E+01 3.75E-14 r   4.6
5.74E+10 1.72E-04 3.29E+33 5.92E+05 2.86E+11 2.95E-03 1.44E+01 3.38E-14 r   4.6
5.75E+10 1.68E-04 3.29E+33 5.88E+05 2.78E+11 2.88E-03 1.44E+01 3.04E-14 r   4.6
5.76E+10 1.64E-04 3.29E+33 5.84E+05 2.70E+11 2.82E-03 1.45E+01 2.73E-14 r   4.6
5.76E+10 1.59E-04 3.29E+33 5.81E+05 2.62E+11 2.75E-03 1.45E+01 2.46E-14 r   4.6
5.77E+10 1.55E-04 3.29E+33 5.77E+05 2.54E+11 2.69E-03 1.46E+01 2.21E-14 r   4.6
5.78E+10 1.51E-04 3.29E+33 5.73E+05 2.47E+11 2.63E-03 1.47E+01 1.98E-14 r   4.6
5.78E+10 1.47E-04 3.29E+33 5.69E+05 2.39E+11 2.56E-03 1.47E+01 1.78E-14 r   4.6
5.79E+10 1.44E-04 3.29E+33 5.66E+05 2.32E+11 2.50E-03 1.48E+01 1.59E-14 r   4.6
5.80E+10 1.40E-04 3.29E+33 5.62E+05 2.25E+11 2.45E-03 1.48E+01 1.43E-14 r   4.6
5.81E+10 1.36E-04 3.29E+33 5.58E+05 2.19E+11 2.39E-03 1.49E+01 1.28E-14 r   4.6
5.81E+10 1.33E-04 3.29E+33 5.54E+05 2.12E+11 2.33E-03 1.49E+01 1.14E-14 r   4.6
5.82E+10 1.29E-04 3.29E+33 5.51E+05 2.06E+11 2.28E-03 1.50E+01 1.02E-14 r   4.6
5.83E+10 1.26E-04 3.29E+33 5.47E+05 1.99E+11 2.22E-03 1.50E+01 9.12E-15 r   4.6
5.83E+10 1.22E-04 3.29E+33 5.43E+05 1.93E+11 2.17E-03 1.51E+01 8.14E-15 r   4.6
5.84E+10 1.19E-04 3.29E+33 5.39E+05 1.87E+11 2.12E-03 1.52E+01 7.26E-15 r   4.6
5.85E+10 1.16E-04 3.29E+33 5.36E+05 1.82E+11 2.07E-03 1.52E+01 6.47E-15 r   4.6
5.86E+10 1.13E-04 3.29E+33 5.32E+05 1.76E+11 2.02E-03 1.53E+01 5.76E-15 r   4.6
5.86E+10 1.10E-04 3.29E+33 5.28E+05 1.70E+11 1.97E-03 1.53E+01 5.13E-15 r   4.6
5.87E+10 1.07E-04 3.29E+33 5.25E+05 1.65E+11 1.92E-03 1.54E+01 4.56E-15 r   4.6
5.88E+10 1.04E-04 3.29E+33 5.21E+05 1.60E+11 1.87E-03 1.55E+01 4.06E-15 r   4.6
5.88E+10 1.01E-04 3.29E+33 5.18E+05 1.55E+11 1.82E-03 1.55E+01 3.60E-15 r   4.6
5.89E+10 9.81E-05 3.29E+33 5.14E+05 1.50E+11 1.78E-03 1.56E+01 3.20E-15 r   4.6
5.90E+10 9.54E-05 3.29E+33 5.10E+05 1.45E+11 1.74E-03 1.56E+01 2.83E-15 r   4.6
5.91E+10 9.27E-05 3.29E+33 5.07E+05 1.41E+11 1.69E-03 1.57E+01 2.51E-15 r   4.6
5.91E+10 9.01E-05 3.29E+33 5.03E+05 1.36E+11 1.65E-03 1.58E+01 2.22E-15 r   4.6
5.92E+10 8.75E-05 3.29E+33 4.99E+05 1.32E+11 1.61E-03 1.58E+01 1.97E-15 r   4.6
5.93E+10 8.50E-05 3.29E+33 4.96E+05 1.27E+11 1.57E-03 1.59E+01 1.74E-15 r   4.6
5.93E+10 8.26E-05 3.29E+33 4.92E+05 1.23E+11 1.53E-03 1.60E+01 1.54E-15 r   4.6
5.94E+10 8.02E-05 3.29E+33 4.89E+05 1.19E+11 1.49E-03 1.60E+01 1.35E-15 r   4.6
5.95E+10 7.79E-05 3.29E+33 4.85E+05 1.15E+11 1.45E-03 1.61E+01 1.19E-15 r   4.6
5.95E+10 7.56E-05 3.29E+33 4.82E+05 1.11E+11 1.41E-03 1.62E+01 1.05E-15 r   4.6
5.96E+10 7.34E-05 3.29E+33 4.78E+05 1.08E+11 1.37E-03 1.62E+01 9.26E-16 r   4.6
5.97E+10 7.12E-05 3.29E+33 4.75E+05 1.04E+11 1.34E-03 1.63E+01 8.14E-16 r   4.6
5.98E+10 6.91E-05 3.29E+33 4.71E+05 1.01E+11 1.30E-03 1.64E+01 7.15E-16 r   4.6
5.98E+10 6.70E-05 3.29E+33 4.68E+05 9.73E+10 1.27E-03 1.64E+01 6.27E-16 r   4.6
5.99E+10 6.50E-05 3.29E+33 4.64E+05 9.40E+10 1.24E-03 1.65E+01 5.50E-16 r   4.6
6.00E+10 6.31E-05 3.29E+33 4.60E+05 9.08E+10 1.20E-03 1.66E+01 4.82E-16 r   4.6
6.00E+10 6.11E-05 3.29E+33 4.57E+05 8.77E+10 1.17E-03 1.67E+01 4.22E-16 r   4.6
6.01E+10 5.93E-05 3.29E+33 4.54E+05 8.47E+10 1.14E-03 1.67E+01 3.69E-16 r   4.6
6.02E+10 5.74E-05 3.29E+33 4.50E+05 8.18E+10 1.11E-03 1.68E+01 3.22E-16 r   4.6
6.03E+10 5.57E-05 3.29E+33 4.47E+05 7.89E+10 1.08E-03 1.69E+01 2.81E-16 r   4.6
6.03E+10 5.39E-05 3.29E+33 4.43E+05 7.62E+10 1.05E-03 1.69E+01 2.45E-16 r   4.6
6.04E+10 5.22E-05 3.29E+33 4.40E+05 7.35E+10 1.02E-03 1.70E+01 2.13E-16 r   4.6
6.05E+10 5.06E-05 3.29E+33 4.36E+05 7.09E+10 9.91E-04 1.71E+01 1.85E-16 r   4.6
6.05E+10 4.90E-05 3.29E+33 4.33E+05 6.84E+10 9.63E-04 1.72E+01 1.61E-16 r   4.6
6.06E+10 4.74E-05 3.29E+33 4.29E+05 6.59E+10 9.36E-04 1.73E+01 1.40E-16 r   4.6
6.07E+10 4.59E-05 3.29E+33 4.26E+05 6.36E+10 9.10E-04 1.73E+01 1.21E-16 r   4.6
6.08E+10 4.44E-05 3.29E+33 4.23E+05 6.13E+10 8.84E-04 1.74E+01 1.05E-16 r   4.6
6.08E+10 4.30E-05 3.29E+33 4.19E+05 5.91E+10 8.59E-04 1.75E+01 9.08E-17 r   4.6
6.09E+10 4.16E-05 3.29E+33 4.16E+05 5.69E+10 8.34E-04 1.76E+01 7.84E-17 r   4.6
6.10E+10 4.02E-05 3.29E+33 4.12E+05 5.48E+10 8.10E-04 1.77E+01 6.77E-17 r   4.6
6.10E+10 3.89E-05 3.29E+33 4.09E+05 5.28E+10 7.87E-04 1.77E+01 5.83E-17 r   4.6
6.11E+10 3.76E-05 3.29E+33 4.06E+05 5.08E+10 7.64E-04 1.78E+01 5.02E-17 r   4.6
6.12E+10 3.63E-05 3.29E+33 4.02E+05 4.89E+10 7.42E-04 1.79E+01 4.32E-17 r   4.6
6.13E+10 3.51E-05 3.29E+33 3.99E+05 4.71E+10 7.20E-04 1.80E+01 3.71E-17 r   4.6
6.13E+10 3.39E-05 3.29E+33 3.96E+05 4.53E+10 6.98E-04 1.81E+01 3.18E-17 r   4.6
6.14E+10 3.27E-05 3.29E+33 3.92E+05 4.36E+10 6.78E-04 1.82E+01 2.72E-17 r   4.6
6.15E+10 3.16E-05 3.29E+33 3.89E+05 4.19E+10 6.57E-04 1.83E+01 2.33E-17 r   4.6
6.15E+10 3.05E-05 3.29E+33 3.86E+05 4.03E+10 6.37E-04 1.83E+01 1.99E-17 r   4.6
6.16E+10 2.94E-05 3.29E+33 3.82E+05 3.87E+10 6.18E-04 1.84E+01 1.70E-17 r   4.6
6.17E+10 2.84E-05 3.29E+33 3.79E+05 3.72E+10 5.99E-04 1.85E+01 1.44E-17 r   4.6
6.18E+10 2.74E-05 3.29E+33 3.76E+05 3.58E+10 5.81E-04 1.86E+01 1.23E-17 r   4.6
6.18E+10 2.64E-05 3.29E+33 3.72E+05 3.44E+10 5.63E-04 1.87E+01 1.04E-17 r   4.6
6.19E+10 2.54E-05 3.29E+33 3.69E+05 3.30E+10 5.45E-04 1.88E+01 8.85E-18 r   4.6
6.20E+10 2.45E-05 3.29E+33 3.66E+05 3.17E+10 5.28E-04 1.89E+01 7.50E-18 r   4.6
6.20E+10 2.36E-05 3.29E+33 3.63E+05 3.04E+10 5.11E-04 1.90E+01 6.34E-18 r   4.6
6.21E+10 2.27E-05 3.29E+33 3.59E+05 2.92E+10 4.95E-04 1.91E+01 5.35E-18 r   4.6
6.22E+10 2.19E-05 3.29E+33 3.56E+05 2.80E+10 4.79E-04 1.92E+01 4.51E-18 r   4.6
6.22E+10 2.11E-05 3.29E+33 3.53E+05 2.68E+10 4.64E-04 1.93E+01 3.80E-18 r   4.6
6.23E+10 2.03E-05 3.29E+33 3.50E+05 2.57E+10 4.49E-04 1.94E+01 3.19E-18 r   4.6
6.24E+10 1.95E-05 3.29E+33 3.46E+05 2.47E+10 4.34E-04 1.95E+01 2.68E-18 r   4.6
6.25E+10 1.88E-05 3.29E+33 3.43E+05 2.36E+10 4.20E-04 1.96E+01 2.24E-18 r   4.6
6.25E+10 1.80E-05 3.29E+33 3.40E+05 2.26E+10 4.06E-04 1.97E+01 1.87E-18 r   4.6
6.26E+10 1.73E-05 3.29E+33 3.37E+05 2.17E+10 3.92E-04 1.98E+01 1.56E-18 r   4.6
6.27E+10 1.67E-05 3.29E+33 3.34E+05 2.07E+10 3.79E-04 1.99E+01 1.30E-18 r   4.6
6.27E+10 1.60E-05 3.29E+33 3.30E+05 1.98E+10 3.66E-04 2.01E+01 1.08E-18 r   4.6
6.28E+10 1.54E-05 3.29E+33 3.27E+05 1.90E+10 3.54E-04 2.02E+01 8.98E-19 r   4.6
6.29E+10 1.47E-05 3.29E+33 3.24E+05 1.82E+10 3.42E-04 2.03E+01 7.44E-19 r   4.6
6.30E+10 1.41E-05 3.29E+33 3.21E+05 1.74E+10 3.30E-04 2.04E+01 6.15E-19 r   4.6
6.30E+10 1.36E-05 3.29E+33 3.18E+05 1.66E+10 3.18E-04 2.05E+01 5.07E-19 r   4.6
6.31E+10 1.30E-05 3.29E+33 3.14E+05 1.58E+10 3.07E-04 2.06E+01 4.18E-19 r   4.6
6.32E+10 1.25E-05 3.29E+33 3.11E+05 1.51E+10 2.96E-04 2.08E+01 3.43E-19 r   4.6
6.32E+10 1.20E-05 3.29E+33 3.08E+05 1.44E+10 2.86E-04 2.09E+01 2.81E-19 r   4.6
6.33E+10 1.14E-05 3.29E+33 3.05E+05 1.38E+10 2.75E-04 2.10E+01 2.30E-19 r   4.6
6.34E+10 1.10E-05 3.29E+33 3.02E+05 1.31E+10 2.65E-04 2.11E+01 1.88E-19 r   4.6
6.35E+10 1.05E-05 3.29E+33 2.99E+05 1.25E+10 2.56E-04 2.13E+01 1.53E-19 r   4.6
6.35E+10 1.00E-05 3.29E+33 2.96E+05 1.19E+10 2.46E-04 2.14E+01 1.24E-19 r   4.6
6.36E+10 9.60E-06 3.29E+33 2.93E+05 1.14E+10 2.37E-04 2.15E+01 1.01E-19 r   4.6
6.37E+10 9.17E-06 3.29E+33 2.89E+05 1.08E+10 2.28E-04 2.16E+01 8.16E-20 r   4.6
6.37E+10 8.76E-06 3.29E+33 2.86E+05 1.03E+10 2.20E-04 2.18E+01 6.58E-20 r   4.6
6.38E+10 8.37E-06 3.29E+33 2.83E+05 9.82E+09 2.11E-04 2.19E+01 5.30E-20 r   4.6
6.39E+10 7.99E-06 3.29E+33 2.80E+05 9.34E+09 2.03E-04 2.21E+01 4.25E-20 r   4.6
6.40E+10 7.63E-06 3.29E+33 2.77E+05 8.88E+09 1.95E-04 2.22E+01 3.41E-20 r   4.6
6.40E+10 7.27E-06 3.29E+33 2.74E+05 8.44E+09 1.88E-04 2.23E+01 2.72E-20 r   4.6
6.41E+10 6.94E-06 3.29E+33 2.71E+05 8.02E+09 1.80E-04 2.25E+01 2.17E-20 r   4.6
6.42E+10 6.61E-06 3.29E+33 2.68E+05 7.61E+09 1.73E-04 2.26E+01 1.72E-20 r   4.6
6.42E+10 6.30E-06 3.29E+33 2.65E+05 7.23E+09 1.66E-04 2.28E+01 1.36E-20 r   4.6
6.43E+10 5.99E-06 3.29E+33 2.62E+05 6.85E+09 1.59E-04 2.29E+01 1.08E-20 r   4.6
6.44E+10 5.70E-06 3.29E+33 2.59E+05 6.50E+09 1.53E-04 2.31E+01 8.47E-21 r   4.6
6.45E+10 5.42E-06 3.29E+33 2.56E+05 6.16E+09 1.47E-04 2.33E+01 6.65E-21 r   4.6
6.45E+10 5.16E-06 3.29E+33 2.53E+05 5.83E+09 1.41E-04 2.34E+01 5.20E-21 r   4.6
6.46E+10 4.90E-06 3.29E+33 2.50E+05 5.52E+09 1.35E-04 2.36E+01 4.06E-21 r   4.6
6.47E+10 4.65E-06 3.29E+33 2.47E+05 5.22E+09 1.29E-04 2.37E+01 3.15E-21 r   4.6
6.47E+10 4.41E-06 3.29E+33 2.44E+05 4.94E+09 1.23E-04 2.39E+01 2.44E-21 r   4.6
6.48E+10 4.19E-06 3.29E+33 2.41E+05 4.67E+09 1.18E-04 2.41E+01 1.89E-21 r   4.6
6.49E+10 3.97E-06 3.29E+33 2.38E+05 4.41E+09 1.13E-04 2.43E+01 1.45E-21 r   4.6
6.49E+10 3.76E-06 3.29E+33 2.35E+05 4.16E+09 1.08E-04 2.44E+01 1.11E-21 r   4.6
6.50E+10 3.56E-06 3.29E+33 2.32E+05 3.93E+09 1.03E-04 2.46E+01 8.48E-22 r   4.6
6.51E+10 3.37E-06 3.29E+33 2.29E+05 3.70E+09 9.85E-05 2.48E+01 6.45E-22 r   4.6
6.52E+10 3.18E-06 3.29E+33 2.26E+05 3.49E+09 9.40E-05 2.50E+01 4.89E-22 r   4.6
6.52E+10 3.01E-06 3.29E+33 2.23E+05 3.28E+09 8.97E-05 2.52E+01 3.69E-22 r   4.6
6.53E+10 2.84E-06 3.29E+33 2.20E+05 3.09E+09 8.55E-05 2.54E+01 2.77E-22 r   4.6
6.54E+10 2.68E-06 3.29E+33 2.17E+05 2.91E+09 8.15E-05 2.56E+01 2.07E-22 r   4.6
6.54E+10 2.53E-06 3.29E+33 2.14E+05 2.73E+09 7.76E-05 2.58E+01 1.54E-22 r   4.6
6.55E+10 2.38E-06 3.29E+33 2.11E+05 2.56E+09 7.39E-05 2.60E+01 1.14E-22 r   4.6
6.56E+10 2.24E-06 3.29E+33 2.08E+05 2.41E+09 7.03E-05 2.62E+01 8.44E-23 r   4.6
6.57E+10 2.11E-06 3.29E+33 2.06E+05 2.26E+09 6.68E-05 2.64E+01 6.20E-23 r   4.6
6.57E+10 1.99E-06 3.29E+33 2.03E+05 2.11E+09 6.35E-05 2.66E+01 4.53E-23 r   4.6
6.58E+10 1.87E-06 3.29E+33 2.00E+05 1.98E+09 6.03E-05 2.69E+01 3.29E-23 r   4.6
6.59E+10 1.75E-06 3.29E+33 1.97E+05 1.85E+09 5.72E-05 2.71E+01 2.38E-23 r   4.6
6.59E+10 1.64E-06 3.29E+33 1.94E+05 1.73E+09 5.43E-05 2.73E+01 1.71E-23 r   4.6
6.60E+10 1.54E-06 3.29E+33 1.91E+05 1.61E+09 5.15E-05 2.76E+01 1.22E-23 r   4.6
6.61E+10 1.44E-06 3.29E+33 1.88E+05 1.51E+09 4.87E-05 2.78E+01 8.71E-24 r   4.6
6.62E+10 1.35E-06 3.29E+33 1.85E+05 1.40E+09 4.61E-05 2.81E+01 6.15E-24 r   4.6
6.62E+10 1.26E-06 3.29E+33 1.83E+05 1.31E+09 4.36E-05 2.83E+01 4.32E-24 r   4.6
6.63E+10 1.18E-06 3.29E+33 1.80E+05 1.22E+09 4.12E-05 2.86E+01 3.02E-24 r   4.6
6.64E+10 1.10E-06 3.29E+33 1.77E+05 1.13E+09 3.89E-05 2.89E+01 2.09E-24 r   4.6
6.64E+10 1.02E-06 3.29E+33 1.74E+05 1.05E+09 3.67E-05 2.91E+01 1.44E-24 r   4.6
6.65E+10 9.51E-07 3.29E+33 1.71E+05 9.73E+08 3.46E-05 2.94E+01 9.85E-25 r   4.6
6.66E+10 8.84E-07 3.29E+33 1.68E+05 9.01E+08 3.26E-05 2.97E+01 6.68E-25 r   4.6
6.67E+10 8.21E-07 3.29E+33 1.66E+05 8.34E+08 3.07E-05 3.00E+01 4.50E-25 r   4.6
6.67E+10 7.61E-07 3.29E+33 1.63E+05 7.71E+08 2.89E-05 3.03E+01 3.01E-25 r   4.6
6.68E+10 7.05E-07 3.29E+33 1.60E+05 7.12E+08 2.71E-05 3.06E+01 1.99E-25 r   4.6
6.69E+10 6.53E-07 3.29E+33 1.57E+05 6.56E+08 2.54E-05 3.09E+01 1.31E-25 r   4.6
6.69E+10 6.03E-07 3.29E+33 1.54E+05 6.04E+08 2.39E-05 3.13E+01 8.53E-26 r   4.6
6.70E+10 5.57E-07 3.29E+33 1.52E+05 5.56E+08 2.23E-05 3.16E+01 5.51E-26 r   4.6
6.71E+10 5.13E-07 3.29E+33 1.49E+05 5.10E+08 2.09E-05 3.20E+01 3.52E-26 r   4.6
6.72E+10 4.72E-07 3.29E+33 1.46E+05 4.68E+08 1.95E-05 3.23E+01 2.23E-26 r   4.6
6.72E+10 4.34E-07 3.29E+33 1.43E+05 4.29E+08 1.82E-05 3.27E+01 1.40E-26 r   4.6
6.73E+10 3.98E-07 3.29E+33 1.40E+05 3.92E+08 1.70E-05 3.31E+01 8.65E-27 r   4.6
6.74E+10 3.65E-07 3.29E+33 1.38E+05 3.58E+08 1.58E-05 3.35E+01 5.30E-27 r   4.6
6.74E+10 3.33E-07 3.29E+33 1.35E+05 3.26E+08 1.47E-05 3.39E+01 3.21E-27 r   4.6
6.75E+10 3.04E-07 3.29E+33 1.32E+05 2.97E+08 1.37E-05 3.43E+01 1.92E-27 r   4.6
6.76E+10 2.78E-07 3.29E+33 1.29E+05 2.70E+08 1.27E-05 3.47E+01 1.13E-27 r   4.6
6.76E+10 2.52E-07 3.29E+33 1.27E+05 2.44E+08 1.17E-05 3.51E+01 6.61E-28 r   4.6
6.77E+10 2.29E-07 3.29E+33 1.24E+05 2.21E+08 1.09E-05 3.56E+01 3.80E-28 r   4.6
6.78E+10 2.08E-07 3.29E+33 1.21E+05 2.00E+08 1.00E-05 3.61E+01 2.15E-28 r   4.6
6.79E+10 1.88E-07 3.29E+33 1.19E+05 1.80E+08 9.24E-06 3.66E+01 1.20E-28 r   4.6
6.79E+10 1.69E-07 3.29E+33 1.16E+05 1.62E+08 8.50E-06 3.71E+01 6.57E-29 r   4.6
6.80E+10 1.53E-07 3.29E+33 1.13E+05 1.45E+08 7.81E-06 3.76E+01 3.54E-29 r   4.6
6.81E+10 1.37E-07 3.29E+33 1.10E+05 1.30E+08 7.16E-06 3.81E+01 1.88E-29 r   4.6
6.81E+10 1.23E-07 3.29E+33 1.08E+05 1.16E+08 6.55E-06 3.87E+01 9.74E-30 r   4.6
6.82E+10 1.10E-07 3.29E+33 1.05E+05 1.03E+08 5.98E-06 3.93E+01 4.96E-30 r   4.6
6.83E+10 9.77E-08 3.29E+33 1.02E+05 9.17E+07 5.45E-06 3.99E+01 2.47E-30 r   4.6
6.84E+10 8.68E-08 3.29E+33 9.97E+04 8.11E+07 4.96E-06 4.05E+01 1.21E-30 r   4.6
6.84E+10 7.69E-08 3.29E+33 9.70E+04 7.16E+07 4.49E-06 4.12E+01 5.74E-31 r   4.6
6.85E+10 6.79E-08 3.29E+33 9.43E+04 6.30E+07 4.07E-06 4.19E+01 2.66E-31 r   4.6
6.86E+10 5.97E-08 3.29E+33 9.17E+04 5.53E+07 3.67E-06 4.26E+01 1.20E-31 r   4.6
6.86E+10 5.24E-08 3.29E+33 8.90E+04 4.83E+07 3.30E-06 4.33E+01 5.28E-32 r   4.6
6.87E+10 4.57E-08 3.29E+33 8.64E+04 4.20E+07 2.96E-06 4.41E+01 2.25E-32 r   4.6
6.88E+10 3.98E-08 3.29E+33 8.37E+04 3.64E+07 2.65E-06 4.49E+01 9.26E-33 r   4.6
6.89E+10 3.45E-08 3.29E+33 8.11E+04 3.15E+07 2.36E-06 4.58E+01 3.68E-33 r   4.6
6.89E+10 2.97E-08 3.29E+33 7.85E+04 2.70E+07 2.10E-06 4.67E+01 1.41E-33 r   4.6
6.90E+10 2.55E-08 3.29E+33 7.58E+04 2.31E+07 1.85E-06 4.77E+01 5.19E-34 r   4.6
6.91E+10 2.18E-08 3.29E+33 7.32E+04 1.97E+07 1.63E-06 4.87E+01 1.83E-34 r   4.6
6.91E+10 1.85E-08 3.29E+33 7.06E+04 1.66E+07 1.43E-06 4.97E+01 6.14E-35 r   4.6
6.92E+10 1.56E-08 3.29E+33 6.80E+04 1.40E+07 1.25E-06 5.09E+01 1.96E-35 r   4.6
6.93E+10 1.31E-08 3.29E+33 6.54E+04 1.17E+07 1.09E-06 5.21E+01 5.92E-36 r   4.6
6.94E+10 1.09E-08 3.29E+33 6.28E+04 9.72E+06 9.41E-07 5.34E+01 1.68E-36 r   4.6
6.94E+10 9.04E-09 3.29E+33 6.02E+04 8.01E+06 8.08E-07 5.47E+01 4.47E-37 r   4.6
6.95E+10 7.42E-09 3.29E+33 5.76E+04 6.55E+06 6.90E-07 5.62E+01 1.10E-37 r   4.6
6.96E+10 6.04E-09 3.29E+33 5.51E+04 5.30E+06 5.85E-07 5.77E+01 2.52E-38 r   4.6
6.96E+10 4.87E-09 3.29E+33 5.25E+04 4.26E+06 4.93E-07 5.94E+01 5.24E-39 r   4.6
6.97E+10 3.88E-09 3.29E+33 4.99E+04 3.38E+06 4.11E-07 6.12E+01 9.89E-40 r   4.6
6.98E+10 3.07E-09 3.29E+33 4.74E+04 2.65E+06 3.40E-07 6.32E+01 1.67E-40 r   4.6
6.99E+10 2.39E-09 3.29E+33 4.48E+04 2.06E+06 2.79E-07 6.53E+01 2.48E-41 r   4.6
6.99E+10 1.84E-09 3.29E+33 4.23E+04 1.57E+06 2.26E-07 6.77E+01 3.20E-42 r   4.6
7.00E+10 1.39E-09 3.29E+33 3.97E+04 1.18E+06 1.80E-07 7.03E+01 3.51E-43 r   4.6
7.01E+10 1.04E-09 3.29E+33 3.72E+04 8.71E+05 1.42E-07 7.31E+01 3.19E-44 r   4.6
7.01E+10 7.63E-10 3.29E+33 3.47E+04 6.30E+05 1.10E-07 7.63E+01 2.33E-45 r   4.6
7.02E+10 5.49E-10 3.29E+33 3.21E+04 4.44E+05 8.39E-08 7.98E+01 1.32E-46 r   4.6
7.03E+10 3.88E-10 3.29E+33 2.96E+04 3.05E+05 6.25E-08 8.39E+01 5.53E-48 r   4.6
7.03E+10 2.69E-10 3.29E+33 2.71E+04 2.03E+05 4.54E-08 8.85E+01 1.61E-49 r   4.7
7.04E+10 1.68E-10 3.29E+33 2.44E+04 1.24E+05 3.08E-08 9.39E+01 2.01E-51 r   4.7
7.05E+10 9.94E-11 3.29E+33 2.16E+04 7.11E+04 1.99E-08 1.00E+02 1.27E-53 r   4.7
7.06E+10 5.50E-11 3.29E+33 1.89E+04 3.79E+04 1.21E-08 1.08E+02 3.24E-56 r   4.7
7.06E+10 2.78E-11 3.29E+33 1.62E+04 1.83E+04 6.84E-09 1.17E+02 2.41E-59 r   4.7
7.07E+10 1.25E-11 3.29E+33 1.35E+04 7.73E+03 3.46E-09 1.29E+02 3.04E-63 r   4.7
7.08E+10 4.73E-12 3.29E+33 1.08E+04 2.67E+03 1.50E-09 1.44E+02 2.50E-68 r   4.8
7.08E+10 1.37E-12 3.29E+33 8.07E+03 6.69E+02 4.98E-10 1.64E+02 1.95E-75 r   4.9
7.09E+10 2.47E-13 3.29E+33 5.38E+03 9.18E+01 1.02E-10 1.91E+02 1.26E-86 r   4.7
7.10E+10 1.71E-14 3.29E+33 2.69E+03 3.46E+00 7.57E-12 2.71E+02 2.27E-109 r   4.2
7.11E+10 0.00E+00 3.29E+33 0.00E+00 0.00E+00 0.00E+00 0.00E+00 0.00E+00 r   4.2
