   r        Qm       L_r       T        P        rho      kap      eps  zone dlPdlT
3.55E+09 1.00E+00 2.34E+36 3.29E+07 3.87E+16 8.12E+00 3.47E-01 4.06E+04 c   2.3
5.91E+09 1.00E+00 2.56E+36 3.28E+07 3.85E+16 8.10E+00 3.47E-01 3.90E+04 c   2.3
8.27E+09 9.99E-01 3.02E+36 3.27E+07 3.82E+16 8.06E+00 3.48E-01 3.69E+04 c   2.3
1.06E+10 9.98E-01 3.78E+36 3.25E+07 3.78E+16 8.02E+00 3.48E-01 3.42E+04 c   2.3
1.30E+10 9.96E-01 4.86E+36 3.23E+07 3.72E+16 7.96E+00 3.48E-01 3.11E+04 c   2.3
1.54E+10 9.94E-01 6.26E+36 3.21E+07 3.67E+16 7.90E+00 3.48E-01 2.77E+04 c   2.3
1.77E+10 9.91E-01 7.92E+36 3.19E+07 3.60E+16 7.82E+00 3.48E-01 2.43E+04 c   2.3
2.01E+10 9.87E-01 9.78E+36 3.16E+07 3.52E+16 7.74E+00 3.48E-01 2.08E+04 c   2.3
2.25E+10 9.81E-01 1.18E+37 3.12E+07 3.43E+16 7.64E+00 3.48E-01 1.75E+04 c   2.3
2.48E+10 9.75E-01 1.38E+37 3.09E+07 3.34E+16 7.53E+00 3.49E-01 1.44E+04 c   2.3
2.72E+10 9.67E-01 1.57E+37 3.05E+07 3.24E+16 7.42E+00 3.49E-01 1.16E+04 c   2.3
2.95E+10 9.59E-01 1.75E+37 3.00E+07 3.14E+16 7.29E+00 3.49E-01 9.19E+03 c   2.3
3.19E+10 9.48E-01 1.92E+37 2.96E+07 3.03E+16 7.15E+00 3.50E-01 7.10E+03 c   2.3
3.43E+10 9.37E-01 2.06E+37 2.91E+07 2.91E+16 7.01E+00 3.50E-01 5.36E+03 c   2.3
3.66E+10 9.24E-01 2.18E+37 2.86E+07 2.79E+16 6.85E+00 3.50E-01 3.96E+03 c   2.4
3.90E+10 9.09E-01 2.28E+37 2.80E+07 2.67E+16 6.69E+00 3.51E-01 2.85E+03 c   2.4
4.14E+10 8.93E-01 2.35E+37 2.75E+07 2.54E+16 6.52E+00 3.52E-01 2.01E+03 c   2.4
4.37E+10 8.76E-01 2.41E+37 2.69E+07 2.41E+16 6.34E+00 3.52E-01 1.38E+03 c   2.4
4.61E+10 8.57E-01 2.45E+37 2.62E+07 2.28E+16 6.15E+00 3.53E-01 9.23E+02 c   2.4
4.85E+10 8.37E-01 2.48E+37 2.56E+07 2.15E+16 5.96E+00 3.54E-01 6.03E+02 c   2.4
5.08E+10 8.15E-01 2.50E+37 2.49E+07 2.02E+16 5.76E+00 3.54E-01 3.84E+02 c   2.4
5.32E+10 7.92E-01 2.52E+37 2.43E+07 1.89E+16 5.56E+00 3.55E-01 2.39E+02 c   2.4
5.56E+10 7.68E-01 2.53E+37 2.36E+07 1.77E+16 5.35E+00 3.57E-01 1.45E+02 c   2.4
5.79E+10 7.43E-01 2.53E+37 2.29E+07 1.64E+16 5.14E+00 3.58E-01 8.60E+01 c   2.4
6.03E+10 7.17E-01 2.54E+37 2.21E+07 1.52E+16 4.92E+00 3.59E-01 5.06E+01 r   2.5
6.26E+10 6.90E-01 2.54E+37 2.14E+07 1.40E+16 4.70E+00 3.61E-01 3.00E+01 r   2.6
6.50E+10 6.62E-01 2.54E+37 2.08E+07 1.29E+16 4.46E+00 3.62E-01 1.80E+01 r   2.7
6.74E+10 6.33E-01 2.54E+37 2.01E+07 1.18E+16 4.23E+00 3.64E-01 1.11E+01 r   2.8
6.97E+10 6.05E-01 2.54E+37 1.94E+07 1.07E+16 3.99E+00 3.65E-01 7.05E+00 r   2.9
7.21E+10 5.76E-01 2.54E+37 1.88E+07 9.75E+15 3.75E+00 3.67E-01 4.63E+00 r   3.0
7.45E+10 5.47E-01 2.54E+37 1.82E+07 8.82E+15 3.51E+00 3.69E-01 3.17E+00 r   3.1
7.68E+10 5.18E-01 2.54E+37 1.76E+07 7.95E+15 3.27E+00 3.70E-01 2.24E+00 r   3.1
7.92E+10 4.89E-01 2.54E+37 1.70E+07 7.14E+15 3.05E+00 3.72E-01 1.63E+00 r   3.2
8.16E+10 4.61E-01 2.54E+37 1.64E+07 6.39E+15 2.82E+00 3.74E-01 1.22E+00 r   3.3
8.39E+10 4.33E-01 2.54E+37 1.59E+07 5.70E+15 2.61E+00 3.76E-01 9.26E-01 r   3.4
8.63E+10 4.06E-01 2.54E+37 1.53E+07 5.07E+15 2.41E+00 3.78E-01 7.11E-01 r   3.4
8.86E+10 3.79E-01 2.54E+37 1.48E+07 4.50E+15 2.21E+00 3.80E-01 5.50E-01 r   3.5
9.10E+10 3.54E-01 2.54E+37 1.43E+07 3.97E+15 2.03E+00 3.82E-01 4.26E-01 r   3.5
9.34E+10 3.29E-01 2.54E+37 1.38E+07 3.50E+15 1.85E+00 3.84E-01 3.31E-01 r   3.6
9.57E+10 3.06E-01 2.54E+37 1.33E+07 3.08E+15 1.69E+00 3.86E-01 2.56E-01 r   3.6
9.81E+10 2.83E-01 2.54E+37 1.28E+07 2.70E+15 1.53E+00 3.88E-01 1.98E-01 r   3.7
1.00E+11 2.62E-01 2.54E+37 1.23E+07 2.36E+15 1.39E+00 3.90E-01 1.53E-01 r   3.7
1.03E+11 2.41E-01 2.54E+37 1.19E+07 2.06E+15 1.26E+00 3.92E-01 1.17E-01 r   3.8
1.05E+11 2.22E-01 2.54E+37 1.15E+07 1.79E+15 1.14E+00 3.95E-01 8.99E-02 r   3.8
1.08E+11 2.03E-01 2.54E+37 1.10E+07 1.56E+15 1.03E+00 3.97E-01 6.85E-02 r   3.8
1.10E+11 1.86E-01 2.54E+37 1.06E+07 1.35E+15 9.23E-01 4.00E-01 5.19E-02 r   3.9
1.12E+11 1.70E-01 2.54E+37 1.02E+07 1.16E+15 8.29E-01 4.02E-01 3.92E-02 r   3.9
1.15E+11 1.55E-01 2.54E+37 9.86E+06 1.00E+15 7.42E-01 4.05E-01 2.94E-02 r   3.9
1.17E+11 1.41E-01 2.54E+37 9.49E+06 8.64E+14 6.64E-01 4.07E-01 2.20E-02 r   3.9
1.19E+11 1.28E-01 2.54E+37 9.13E+06 7.42E+14 5.93E-01 4.10E-01 1.63E-02 r   4.0
1.22E+11 1.16E-01 2.54E+37 8.78E+06 6.36E+14 5.28E-01 4.13E-01 1.21E-02 r   4.0
1.24E+11 1.05E-01 2.54E+37 8.45E+06 5.44E+14 4.69E-01 4.15E-01 8.87E-03 r   4.0
1.26E+11 9.41E-02 2.54E+37 8.12E+06 4.64E+14 4.17E-01 4.18E-01 6.47E-03 r   4.0
1.29E+11 8.46E-02 2.54E+37 7.80E+06 3.95E+14 3.69E-01 4.21E-01 4.70E-03 r   4.1
1.31E+11 7.58E-02 2.54E+37 7.50E+06 3.36E+14 3.27E-01 4.24E-01 3.39E-03 r   4.1
1.34E+11 6.78E-02 2.54E+37 7.20E+06 2.85E+14 2.88E-01 4.27E-01 2.43E-03 r   4.1
1.36E+11 6.04E-02 2.54E+37 6.91E+06 2.41E+14 2.54E-01 4.31E-01 1.72E-03 r   4.1
1.38E+11 5.37E-02 2.54E+37 6.63E+06 2.03E+14 2.24E-01 4.34E-01 1.22E-03 r   4.1
1.41E+11 4.76E-02 2.54E+37 6.36E+06 1.71E+14 1.96E-01 4.38E-01 8.53E-04 r   4.1
1.43E+11 4.21E-02 2.54E+37 6.10E+06 1.44E+14 1.72E-01 4.41E-01 5.93E-04 r   4.2
1.45E+11 3.71E-02 2.54E+37 5.84E+06 1.21E+14 1.50E-01 4.45E-01 4.09E-04 r   4.2
1.48E+11 3.26E-02 2.54E+37 5.60E+06 1.01E+14 1.31E-01 4.49E-01 2.79E-04 r   4.2
1.50E+11 2.85E-02 2.54E+37 5.36E+06 8.40E+13 1.14E-01 4.53E-01 1.89E-04 r   4.2
1.52E+11 2.49E-02 2.54E+37 5.13E+06 6.98E+13 9.91E-02 4.57E-01 1.27E-04 r   4.2
1.55E+11 2.17E-02 2.54E+37 4.90E+06 5.78E+13 8.58E-02 4.62E-01 8.40E-05 r   4.2
1.57E+11 1.88E-02 2.54E+37 4.68E+06 4.77E+13 7.41E-02 4.66E-01 5.50E-05 r   4.2
1.60E+11 1.62E-02 2.54E+37 4.47E+06 3.92E+13 6.38E-02 4.71E-01 3.56E-05 r   4.2
1.62E+11 1.39E-02 2.54E+37 4.27E+06 3.21E+13 5.48E-02 4.76E-01 2.28E-05 r   4.2
1.64E+11 1.19E-02 2.54E+37 4.07E+06 2.62E+13 4.69E-02 4.82E-01 1.44E-05 r   4.2
1.67E+11 1.01E-02 2.54E+37 3.87E+06 2.13E+13 4.00E-02 4.87E-01 8.93E-06 r   4.2
1.67E+11 9.94E-03 2.54E+37 3.85E+06 2.09E+13 3.94E-02 4.88E-01 8.50E-06 r   4.2
1.67E+11 9.77E-03 2.54E+37 3.83E+06 2.04E+13 3.87E-02 4.89E-01 8.10E-06 r   4.3
1.67E+11 9.61E-03 2.54E+37 3.81E+06 2.00E+13 3.81E-02 4.89E-01 7.72E-06 r   4.3
1.68E+11 9.45E-03 2.54E+37 3.79E+06 1.96E+13 3.75E-02 4.90E-01 7.35E-06 r   4.3
1.68E+11 9.30E-03 2.54E+37 3.78E+06 1.92E+13 3.69E-02 4.90E-01 6.99E-06 r   4.3
1.68E+11 9.14E-03 2.54E+37 3.76E+06 1.88E+13 3.63E-02 4.91E-01 6.66E-06 r   4.3
1.68E+11 8.99E-03 2.54E+37 3.74E+06 1.84E+13 3.57E-02 4.92E-01 6.34E-06 r   4.3
1.69E+11 8.84E-03 2.54E+37 3.72E+06 1.80E+13 3.51E-02 4.92E-01 6.03E-06 r   4.3
1.69E+11 8.69E-03 2.54E+37 3.70E+06 1.76E+13 3.46E-02 4.93E-01 5.74E-06 r   4.3
1.69E+11 8.55E-03 2.54E+37 3.68E+06 1.72E+13 3.40E-02 4.93E-01 5.46E-06 r   4.3
1.69E+11 8.40E-03 2.54E+37 3.66E+06 1.69E+13 3.34E-02 4.94E-01 5.19E-06 r   4.3
1.69E+11 8.26E-03 2.54E+37 3.65E+06 1.65E+13 3.29E-02 4.95E-01 4.93E-06 r   4.3
1.70E+11 8.12E-03 2.54E+37 3.63E+06 1.61E+13 3.24E-02 4.95E-01 4.69E-06 r   4.3
1.70E+11 7.98E-03 2.54E+37 3.61E+06 1.58E+13 3.18E-02 4.96E-01 4.46E-06 r   4.3
1.70E+11 7.85E-03 2.54E+37 3.59E+06 1.55E+13 3.13E-02 4.97E-01 4.24E-06 r   4.3
1.70E+11 7.71E-03 2.54E+37 3.57E+06 1.51E+13 3.08E-02 4.97E-01 4.03E-06 r   4.3
1.71E+11 7.58E-03 2.54E+37 3.55E+06 1.48E+13 3.03E-02 4.98E-01 3.83E-06 r   4.3
1.71E+11 7.45E-03 2.54E+37 3.54E+06 1.45E+13 2.98E-02 4.98E-01 3.63E-06 r   4.3
1.71E+11 7.32E-03 2.54E+37 3.52E+06 1.42E+13 2.93E-02 4.99E-01 3.45E-06 r   4.3
1.71E+11 7.19E-03 2.54E+37 3.50E+06 1.39E+13 2.88E-02 5.00E-01 3.28E-06 r   4.3
1.72E+11 7.07E-03 2.54E+37 3.48E+06 1.36E+13 2.83E-02 5.00E-01 3.11E-06 r   4.3
1.72E+11 6.94E-03 2.54E+37 3.46E+06 1.33E+13 2.78E-02 5.01E-01 2.95E-06 r   4.3
1.72E+11 6.82E-03 2.54E+37 3.45E+06 1.30E+13 2.74E-02 5.02E-01 2.80E-06 r   4.3
1.72E+11 6.70E-03 2.54E+37 3.43E+06 1.27E+13 2.69E-02 5.02E-01 2.66E-06 r   4.3
1.73E+11 6.58E-03 2.54E+37 3.41E+06 1.24E+13 2.64E-02 5.03E-01 2.52E-06 r   4.3
1.73E+11 6.47E-03 2.54E+37 3.39E+06 1.21E+13 2.60E-02 5.04E-01 2.39E-06 r   4.3
1.73E+11 6.35E-03 2.54E+37 3.37E+06 1.19E+13 2.55E-02 5.04E-01 2.27E-06 r   4.3
1.73E+11 6.24E-03 2.54E+37 3.36E+06 1.16E+13 2.51E-02 5.05E-01 2.15E-06 r   4.3
1.74E+11 6.13E-03 2.54E+37 3.34E+06 1.13E+13 2.47E-02 5.06E-01 2.04E-06 r   4.3
1.74E+11 6.02E-03 2.54E+37 3.32E+06 1.11E+13 2.43E-02 5.06E-01 1.93E-06 r   4.3
1.74E+11 5.91E-03 2.54E+37 3.30E+06 1.08E+13 2.38E-02 5.07E-01 1.83E-06 r   4.3
1.74E+11 5.80E-03 2.54E+37 3.29E+06 1.06E+13 2.34E-02 5.08E-01 1.73E-06 r   4.3
1.74E+11 5.69E-03 2.54E+37 3.27E+06 1.04E+13 2.30E-02 5.09E-01 1.64E-06 r   4.3
1.75E+11 5.59E-03 2.54E+37 3.25E+06 1.01E+13 2.26E-02 5.09E-01 1.55E-06 r   4.3
1.75E+11 5.49E-03 2.54E+37 3.23E+06 9.90E+12 2.22E-02 5.10E-01 1.47E-06 r   4.3
1.75E+11 5.39E-03 2.54E+37 3.22E+06 9.67E+12 2.18E-02 5.11E-01 1.39E-06 r   4.3
1.75E+11 5.29E-03 2.54E+37 3.20E+06 9.45E+12 2.15E-02 5.11E-01 1.32E-06 r   4.3
1.76E+11 5.19E-03 2.54E+37 3.18E+06 9.24E+12 2.11E-02 5.12E-01 1.25E-06 r   4.3
1.76E+11 5.09E-03 2.54E+37 3.17E+06 9.03E+12 2.07E-02 5.13E-01 1.18E-06 r   4.3
1.76E+11 5.00E-03 2.54E+37 3.15E+06 8.82E+12 2.03E-02 5.14E-01 1.12E-06 r   4.3
1.76E+11 4.91E-03 2.54E+37 3.13E+06 8.62E+12 2.00E-02 5.14E-01 1.05E-06 r   4.3
1.77E+11 4.81E-03 2.54E+37 3.11E+06 8.42E+12 1.96E-02 5.15E-01 9.97E-07 r   4.3
1.77E+11 4.72E-03 2.54E+37 3.10E+06 8.23E+12 1.93E-02 5.16E-01 9.42E-07 r   4.3
1.77E+11 4.63E-03 2.54E+37 3.08E+06 8.04E+12 1.89E-02 5.17E-01 8.90E-07 r   4.3
1.77E+11 4.55E-03 2.54E+37 3.06E+06 7.85E+12 1.86E-02 5.17E-01 8.40E-07 r   4.3
1.78E+11 4.46E-03 2.54E+37 3.05E+06 7.67E+12 1.83E-02 5.18E-01 7.94E-07 r   4.3
1.78E+11 4.37E-03 2.54E+37 3.03E+06 7.49E+12 1.79E-02 5.19E-01 7.49E-07 r   4.3
1.78E+11 4.29E-03 2.54E+37 3.01E+06 7.31E+12 1.76E-02 5.20E-01 7.07E-07 r   4.3
1.78E+11 4.21E-03 2.54E+37 3.00E+06 7.14E+12 1.73E-02 5.20E-01 6.67E-07 r   4.3
1.78E+11 4.13E-03 2.54E+37 2.98E+06 6.97E+12 1.70E-02 5.21E-01 6.30E-07 r   4.3
1.79E+11 4.05E-03 2.54E+37 2.96E+06 6.81E+12 1.67E-02 5.22E-01 5.94E-07 r   4.3
1.79E+11 3.97E-03 2.54E+37 2.95E+06 6.64E+12 1.64E-02 5.23E-01 5.60E-07 r   4.3
1.79E+11 3.89E-03 2.54E+37 2.93E+06 6.49E+12 1.61E-02 5.24E-01 5.28E-07 r   4.3
1.79E+11 3.81E-03 2.54E+37 2.91E+06 6.33E+12 1.58E-02 5.24E-01 4.97E-07 r   4.3
1.80E+11 3.74E-03 2.54E+37 2.90E+06 6.18E+12 1.55E-02 5.25E-01 4.69E-07 r   4.3
1.80E+11 3.66E-03 2.54E+37 2.88E+06 6.03E+12 1.52E-02 5.26E-01 4.42E-07 r   4.3
1.80E+11 3.59E-03 2.54E+37 2.86E+06 5.89E+12 1.49E-02 5.27E-01 4.16E-07 r   4.3
1.80E+11 3.52E-03 2.54E+37 2.85E+06 5.75E+12 1.46E-02 5.28E-01 3.91E-07 r   4.3
1.81E+11 3.45E-03 2.54E+37 2.83E+06 5.61E+12 1.44E-02 5.28E-01 3.68E-07 r   4.3
1.81E+11 3.38E-03 2.54E+37 2.82E+06 5.47E+12 1.41E-02 5.29E-01 3.47E-07 r   4.3
1.81E+11 3.31E-03 2.54E+37 2.80E+06 5.34E+12 1.38E-02 5.30E-01 3.26E-07 r   4.3
1.81E+11 3.24E-03 2.54E+37 2.78E+06 5.21E+12 1.36E-02 5.31E-01 3.07E-07 r   4.3
1.82E+11 3.18E-03 2.54E+37 2.77E+06 5.08E+12 1.33E-02 5.32E-01 2.88E-07 r   4.3
1.82E+11 3.11E-03 2.54E+37 2.75E+06 4.95E+12 1.31E-02 5.33E-01 2.71E-07 r   4.3
1.82E+11 3.05E-03 2.54E+37 2.74E+06 4.83E+12 1.28E-02 5.34E-01 2.55E-07 r   4.3
1.82E+11 2.99E-03 2.54E+37 2.72E+06 4.71E+12 1.26E-02 5.34E-01 2.39E-07 r   4.3
1.82E+11 2.92E-03 2.54E+37 2.70E+06 4.60E+12 1.23E-02 5.35E-01 2.25E-07 r   4.3
1.83E+11 2.86E-03 2.54E+37 2.69E+06 4.48E+12 1.21E-02 5.36E-01 2.11E-07 r   4.3
1.83E+11 2.80E-03 2.54E+37 2.67E+06 4.37E+12 1.18E-02 5.37E-01 1.98E-07 r   4.3
1.83E+11 2.74E-03 2.54E+37 2.66E+06 4.26E+12 1.16E-02 5.38E-01 1.86E-07 r   4.3
1.83E+11 2.69E-03 2.54E+37 2.64E+06 4.15E+12 1.14E-02 5.39E-01 1.74E-07 r   4.3
1.84E+11 2.63E-03 2.54E+37 2.63E+06 4.05E+12 1.12E-02 5.40E-01 1.63E-07 r   4.3
1.84E+11 2.57E-03 2.54E+37 2.61E+06 3.94E+12 1.10E-02 5.41E-01 1.53E-07 r   4.3
1.84E+11 2.52E-03 2.54E+37 2.59E+06 3.84E+12 1.07E-02 5.42E-01 1.44E-07 r   4.3
1.84E+11 2.47E-03 2.54E+37 2.58E+06 3.75E+12 1.05E-02 5.43E-01 1.35E-07 r   4.3
1.85E+11 2.41E-03 2.54E+37 2.56E+06 3.65E+12 1.03E-02 5.44E-01 1.26E-07 r   4.3
1.85E+11 2.36E-03 2.54E+37 2.55E+06 3.56E+12 1.01E-02 5.44E-01 1.18E-07 r   4.3
1.85E+11 2.31E-03 2.54E+37 2.53E+06 3.47E+12 9.91E-03 5.45E-01 1.10E-07 r   4.3
1.85E+11 2.26E-03 2.54E+37 2.52E+06 3.38E+12 9.72E-03 5.46E-01 1.03E-07 r   4.3
1.86E+11 2.21E-03 2.54E+37 2.50E+06 3.29E+12 9.52E-03 5.47E-01 9.66E-08 r   4.3
1.86E+11 2.16E-03 2.54E+37 2.49E+06 3.20E+12 9.33E-03 5.48E-01 9.03E-08 r   4.3
1.86E+11 2.11E-03 2.54E+37 2.47E+06 3.12E+12 9.14E-03 5.49E-01 8.44E-08 r   4.3
1.86E+11 2.07E-03 2.54E+37 2.46E+06 3.04E+12 8.96E-03 5.50E-01 7.89E-08 r   4.3
1.87E+11 2.02E-03 2.54E+37 2.44E+06 2.96E+12 8.77E-03 5.51E-01 7.37E-08 r   4.3
1.87E+11 1.98E-03 2.54E+37 2.43E+06 2.88E+12 8.60E-03 5.52E-01 6.88E-08 r   4.3
1.87E+11 1.93E-03 2.54E+37 2.41E+06 2.80E+12 8.42E-03 5.53E-01 6.42E-08 r   4.3
1.87E+11 1.89E-03 2.54E+37 2.40E+06 2.73E+12 8.25E-03 5.54E-01 5.99E-08 r   4.3
1.87E+11 1.84E-03 2.54E+37 2.38E+06 2.66E+12 8.08E-03 5.55E-01 5.59E-08 r   4.3
1.88E+11 1.80E-03 2.54E+37 2.37E+06 2.58E+12 7.91E-03 5.56E-01 5.21E-08 r   4.3
1.88E+11 1.76E-03 2.54E+37 2.35E+06 2.52E+12 7.74E-03 5.57E-01 4.86E-08 r   4.3
1.88E+11 1.72E-03 2.54E+37 2.34E+06 2.45E+12 7.58E-03 5.58E-01 4.53E-08 r   4.3
1.88E+11 1.68E-03 2.54E+37 2.32E+06 2.38E+12 7.42E-03 5.60E-01 4.22E-08 r   4.3
1.89E+11 1.64E-03 2.54E+37 2.31E+06 2.32E+12 7.27E-03 5.61E-01 3.93E-08 r   4.3
1.89E+11 1.60E-03 2.54E+37 2.29E+06 2.25E+12 7.11E-03 5.62E-01 3.65E-08 r   4.3
1.89E+11 1.57E-03 2.54E+37 2.28E+06 2.19E+12 6.96E-03 5.63E-01 3.40E-08 r   4.3
1.89E+11 1.53E-03 2.54E+37 2.26E+06 2.13E+12 6.82E-03 5.64E-01 3.16E-08 r   4.3
1.90E+11 1.49E-03 2.54E+37 2.25E+06 2.07E+12 6.67E-03 5.65E-01 2.94E-08 r   4.3
1.90E+11 1.46E-03 2.54E+37 2.23E+06 2.01E+12 6.53E-03 5.66E-01 2.73E-08 r   4.3
1.90E+11 1.42E-03 2.54E+37 2.22E+06 1.96E+12 6.39E-03 5.67E-01 2.54E-08 r   4.3
1.90E+11 1.39E-03 2.54E+37 2.20E+06 1.90E+12 6.25E-03 5.68E-01 2.36E-08 r   4.3
1.91E+11 1.36E-03 2.54E+37 2.19E+06 1.85E+12 6.11E-03 5.69E-01 2.19E-08 r   4.3
1.91E+11 1.32E-03 2.54E+37 2.18E+06 1.80E+12 5.98E-03 5.71E-01 2.03E-08 r   4.3
1.91E+11 1.29E-03 2.54E+37 2.16E+06 1.75E+12 5.85E-03 5.72E-01 1.88E-08 r   4.3
1.91E+11 1.26E-03 2.54E+37 2.15E+06 1.70E+12 5.72E-03 5.73E-01 1.74E-08 r   4.3
1.91E+11 1.23E-03 2.54E+37 2.13E+06 1.65E+12 5.59E-03 5.74E-01 1.61E-08 r   4.3
1.92E+11 1.20E-03 2.54E+37 2.12E+06 1.60E+12 5.47E-03 5.75E-01 1.50E-08 r   4.3
1.92E+11 1.17E-03 2.54E+37 2.10E+06 1.56E+12 5.35E-03 5.77E-01 1.38E-08 r   4.3
1.92E+11 1.14E-03 2.54E+37 2.09E+06 1.51E+12 5.23E-03 5.78E-01 1.28E-08 r   4.3
1.92E+11 1.11E-03 2.54E+37 2.08E+06 1.47E+12 5.11E-03 5.79E-01 1.18E-08 r   4.3
1.93E+11 1.08E-03 2.54E+37 2.06E+06 1.42E+12 5.00E-03 5.80E-01 1.09E-08 r   4.3
1.93E+11 1.06E-03 2.54E+37 2.05E+06 1.38E+12 4.88E-03 5.81E-01 1.01E-08 r   4.3
1.93E+11 1.03E-03 2.54E+37 2.03E+06 1.34E+12 4.77E-03 5.83E-01 9.34E-09 r   4.3
1.93E+11 1.00E-03 2.54E+37 2.02E+06 1.30E+12 4.66E-03 5.84E-01 8.62E-09 r   4.3
1.94E+11 9.76E-04 2.54E+37 2.01E+06 1.26E+12 4.56E-03 5.85E-01 7.95E-09 r   4.3
1.94E+11 9.51E-04 2.54E+37 1.99E+06 1.23E+12 4.45E-03 5.87E-01 7.33E-09 r   4.3
1.94E+11 9.26E-04 2.54E+37 1.98E+06 1.19E+12 4.35E-03 5.88E-01 6.76E-09 r   4.3
1.94E+11 9.02E-04 2.54E+37 1.96E+06 1.15E+12 4.25E-03 5.89E-01 6.23E-09 r   4.3
1.95E+11 8.78E-04 2.54E+37 1.95E+06 1.12E+12 4.15E-03 5.90E-01 5.73E-09 r   4.3
1.95E+11 8.55E-04 2.54E+37 1.94E+06 1.09E+12 4.05E-03 5.92E-01 5.28E-09 r   4.3
1.95E+11 8.32E-04 2.54E+37 1.92E+06 1.05E+12 3.95E-03 5.93E-01 4.85E-09 r   4.3
1.95E+11 8.10E-04 2.54E+37 1.91E+06 1.02E+12 3.86E-03 5.95E-01 4.46E-09 r   4.3
1.95E+11 7.89E-04 2.54E+37 1.90E+06 9.89E+11 3.77E-03 5.96E-01 4.10E-09 r   4.3
1.96E+11 7.67E-04 2.54E+37 1.88E+06 9.59E+11 3.68E-03 5.97E-01 3.76E-09 r   4.3
1.96E+11 7.46E-04 2.54E+37 1.87E+06 9.29E+11 3.59E-03 5.99E-01 3.46E-09 r   4.3
1.96E+11 7.26E-04 2.54E+37 1.85E+06 9.00E+11 3.50E-03 6.00E-01 3.17E-09 r   4.3
1.96E+11 7.06E-04 2.54E+37 1.84E+06 8.72E+11 3.42E-03 6.02E-01 2.91E-09 r   4.3
1.97E+11 6.87E-04 2.54E+37 1.83E+06 8.45E+11 3.34E-03 6.03E-01 2.66E-09 r   4.3
1.97E+11 6.68E-04 2.54E+37 1.81E+06 8.18E+11 3.25E-03 6.04E-01 2.44E-09 r   4.4
1.97E+11 6.49E-04 2.54E+37 1.80E+06 7.92E+11 3.17E-03 6.06E-01 2.23E-09 r   4.4
1.97E+11 6.31E-04 2.54E+37 1.79E+06 7.67E+11 3.10E-03 6.07E-01 2.04E-09 r   4.4
1.98E+11 6.13E-04 2.54E+37 1.77E+06 7.42E+11 3.02E-03 6.09E-01 1.87E-09 r   4.4
1.98E+11 5.95E-04 2.54E+37 1.76E+06 7.18E+11 2.94E-03 6.10E-01 1.70E-09 r   4.4
1.98E+11 5.78E-04 2.54E+37 1.75E+06 6.95E+11 2.87E-03 6.12E-01 1.56E-09 r   4.4
1.98E+11 5.62E-04 2.54E+37 1.73E+06 6.72E+11 2.80E-03 6.13E-01 1.42E-09 r   4.4
1.99E+11 5.46E-04 2.54E+37 1.72E+06 6.50E+11 2.73E-03 6.15E-01 1.29E-09 r   4.4
1.99E+11 5.30E-04 2.54E+37 1.71E+06 6.29E+11 2.66E-03 6.17E-01 1.18E-09 r   4.4
1.99E+11 5.14E-04 2.54E+37 1.70E+06 6.08E+11 2.59E-03 6.18E-01 1.07E-09 r   4.4
1.99E+11 4.99E-04 2.54E+37 1.68E+06 5.88E+11 2.52E-03 6.20E-01 9.77E-10 r   4.4
2.00E+11 4.84E-04 2.54E+37 1.67E+06 5.68E+11 2.46E-03 6.21E-01 8.88E-10 r   4.4
2.00E+11 4.70E-04 2.54E+37 1.66E+06 5.49E+11 2.39E-03 6.23E-01 8.07E-10 r   4.4
2.00E+11 4.56E-04 2.54E+37 1.64E+06 5.31E+11 2.33E-03 6.25E-01 7.33E-10 r   4.4
2.00E+11 4.42E-04 2.54E+37 1.63E+06 5.13E+11 2.27E-03 6.26E-01 6.65E-10 r   4.4
2.00E+11 4.29E-04 2.54E+37 1.62E+06 4.95E+11 2.21E-03 6.28E-01 6.03E-10 r   4.4
2.01E+11 4.16E-04 2.54E+37 1.60E+06 4.78E+11 2.15E-03 6.30E-01 5.46E-10 r   4.4
2.01E+11 4.03E-04 2.54E+37 1.59E+06 4.62E+11 2.09E-03 6.31E-01 4.95E-10 r   4.4
2.01E+11 3.90E-04 2.54E+37 1.58E+06 4.46E+11 2.04E-03 6.33E-01 4.47E-10 r   4.4
2.01E+11 3.78E-04 2.54E+37 1.57E+06 4.30E+11 1.98E-03 6.35E-01 4.04E-10 r   4.4
2.02E+11 3.66E-04 2.54E+37 1.55E+06 4.15E+11 1.93E-03 6.37E-01 3.65E-10 r   4.4
2.02E+11 3.55E-04 2.54E+37 1.54E+06 4.01E+11 1.87E-03 6.39E-01 3.30E-10 r   4.4
2.02E+11 3.44E-04 2.54E+37 1.53E+06 3.86E+11 1.82E-03 6.40E-01 2.97E-10 r   4.4
2.02E+11 3.33E-04 2.54E+37 1.52E+06 3.73E+11 1.77E-03 6.42E-01 2.68E-10 r   4.4
2.03E+11 3.22E-04 2.54E+37 1.50E+06 3.59E+11 1.72E-03 6.44E-01 2.41E-10 r   4.4
2.03E+11 3.11E-04 2.54E+37 1.49E+06 3.46E+11 1.67E-03 6.46E-01 2.17E-10 r   4.4
2.03E+11 3.01E-04 2.54E+37 1.48E+06 3.34E+11 1.63E-03 6.48E-01 1.95E-10 r   4.4
2.03E+11 2.91E-04 2.54E+37 1.46E+06 3.22E+11 1.58E-03 6.50E-01 1.75E-10 r   4.4
2.04E+11 2.82E-04 2.54E+37 1.45E+06 3.10E+11 1.54E-03 6.52E-01 1.57E-10 r   4.4
2.04E+11 2.72E-04 2.54E+37 1.44E+06 2.98E+11 1.49E-03 6.54E-01 1.41E-10 r   4.4
2.04E+11 2.63E-04 2.54E+37 1.43E+06 2.87E+11 1.45E-03 6.56E-01 1.26E-10 r   4.4
2.04E+11 2.54E-04 2.54E+37 1.42E+06 2.76E+11 1.41E-03 6.58E-01 1.13E-10 r   4.4
2.04E+11 2.46E-04 2.54E+37 1.40E+06 2.66E+11 1.36E-03 6.60E-01 1.01E-10 r   4.4
2.05E+11 2.37E-04 2.54E+37 1.39E+06 2.56E+11 1.32E-03 6.62E-01 9.02E-11 r   4.4
2.05E+11 2.29E-04 2.54E+37 1.38E+06 2.46E+11 1.29E-03 6.64E-01 8.05E-11 r   4.4
2.05E+11 2.21E-04 2.54E+37 1.37E+06 2.37E+11 1.25E-03 6.66E-01 7.17E-11 r   4.4
2.05E+11 2.14E-04 2.54E+37 1.35E+06 2.28E+11 1.21E-03 6.68E-01 6.39E-11 r   4.4
2.06E+11 2.06E-04 2.54E+37 1.34E+06 2.19E+11 1.17E-03 6.70E-01 5.68E-11 r   4.4
2.06E+11 1.99E-04 2.54E+37 1.33E+06 2.10E+11 1.14E-03 6.73E-01 5.05E-11 r   4.4
2.06E+11 1.92E-04 2.54E+37 1.32E+06 2.02E+11 1.10E-03 6.75E-01 4.48E-11 r   4.4
2.06E+11 1.85E-04 2.54E+37 1.31E+06 1.94E+11 1.07E-03 6.77E-01 3.98E-11 r   4.4
2.07E+11 1.78E-04 2.54E+37 1.29E+06 1.86E+11 1.04E-03 6.79E-01 3.52E-11 r   4.4
2.07E+11 1.71E-04 2.54E+37 1.28E+06 1.79E+11 1.00E-03 6.82E-01 3.12E-11 r   4.4
2.07E+11 1.65E-04 2.54E+37 1.27E+06 1.72E+11 9.71E-04 6.84E-01 2.75E-11 r   4.4
2.07E+11 1.59E-04 2.54E+37 1.26E+06 1.65E+11 9.40E-04 6.86E-01 2.43E-11 r   4.4
2.08E+11 1.53E-04 2.54E+37 1.25E+06 1.58E+11 9.10E-04 6.89E-01 2.14E-11 r   4.4
2.08E+11 1.47E-04 2.54E+37 1.23E+06 1.51E+11 8.81E-04 6.91E-01 1.89E-11 r   4.4
2.08E+11 1.42E-04 2.54E+37 1.22E+06 1.45E+11 8.52E-04 6.94E-01 1.66E-11 r   4.4
2.08E+11 1.36E-04 2.54E+37 1.21E+06 1.39E+11 8.25E-04 6.96E-01 1.46E-11 r   4.4
2.09E+11 1.31E-04 2.54E+37 1.20E+06 1.33E+11 7.98E-04 6.99E-01 1.28E-11 r   4.4
2.09E+11 1.26E-04 2.54E+37 1.19E+06 1.27E+11 7.71E-04 7.01E-01 1.12E-11 r   4.4
2.09E+11 1.21E-04 2.54E+37 1.17E+06 1.22E+11 7.45E-04 7.04E-01 9.80E-12 r   4.4
2.09E+11 1.16E-04 2.54E+37 1.16E+06 1.17E+11 7.20E-04 7.07E-01 8.57E-12 r   4.4
2.09E+11 1.12E-04 2.54E+37 1.15E+06 1.12E+11 6.96E-04 7.09E-01 7.48E-12 r   4.4
2.10E+11 1.07E-04 2.54E+37 1.14E+06 1.07E+11 6.72E-04 7.12E-01 6.51E-12 r   4.4
2.10E+11 1.03E-04 2.54E+37 1.13E+06 1.02E+11 6.49E-04 7.15E-01 5.67E-12 r   4.4
2.10E+11 9.86E-05 2.54E+37 1.12E+06 9.75E+10 6.27E-04 7.18E-01 4.93E-12 r   4.4
2.10E+11 9.45E-05 2.54E+37 1.10E+06 9.32E+10 6.05E-04 7.20E-01 4.27E-12 r   4.4
2.11E+11 9.06E-05 2.54E+37 1.09E+06 8.90E+10 5.83E-04 7.23E-01 3.70E-12 r   4.4
2.11E+11 8.68E-05 2.54E+37 1.08E+06 8.49E+10 5.63E-04 7.26E-01 3.20E-12 r   4.4
2.11E+11 8.31E-05 2.54E+37 1.07E+06 8.10E+10 5.43E-04 7.29E-01 2.76E-12 r   4.4
2.11E+11 7.96E-05 2.54E+37 1.06E+06 7.73E+10 5.23E-04 7.32E-01 2.38E-12 r   4.4
2.12E+11 7.61E-05 2.54E+37 1.05E+06 7.37E+10 5.04E-04 7.35E-01 2.05E-12 r   4.4
2.12E+11 7.28E-05 2.54E+37 1.04E+06 7.02E+10 4.85E-04 7.38E-01 1.76E-12 r   4.4
2.12E+11 6.96E-05 2.54E+37 1.02E+06 6.69E+10 4.67E-04 7.41E-01 1.51E-12 r   4.4
2.12E+11 6.65E-05 2.54E+37 1.01E+06 6.37E+10 4.50E-04 7.45E-01 1.29E-12 r   4.4
2.13E+11 6.36E-05 2.54E+37 1.00E+06 6.06E+10 4.33E-04 7.48E-01 1.11E-12 r   4.4
2.13E+11 6.07E-05 2.54E+37 9.91E+05 5.77E+10 4.17E-04 7.51E-01 9.44E-13 r   4.4
2.13E+11 5.79E-05 2.54E+37 9.79E+05 5.49E+10 4.01E-04 7.55E-01 8.04E-13 r   4.4
2.13E+11 5.53E-05 2.54E+37 9.68E+05 5.21E+10 3.85E-04 7.58E-01 6.83E-13 r   4.4
2.13E+11 5.27E-05 2.54E+37 9.57E+05 4.95E+10 3.70E-04 7.61E-01 5.80E-13 r   4.4
2.14E+11 5.02E-05 2.54E+37 9.46E+05 4.70E+10 3.56E-04 7.65E-01 4.91E-13 r   4.4
2.14E+11 4.78E-05 2.54E+37 9.35E+05 4.46E+10 3.41E-04 7.69E-01 4.14E-13 r   4.4
2.14E+11 4.56E-05 2.54E+37 9.24E+05 4.24E+10 3.28E-04 7.72E-01 3.49E-13 r   4.4
2.14E+11 4.34E-05 2.54E+37 9.13E+05 4.02E+10 3.14E-04 7.76E-01 2.94E-13 r   4.4
2.15E+11 4.12E-05 2.54E+37 9.02E+05 3.81E+10 3.02E-04 7.80E-01 2.47E-13 r   4.4
2.15E+11 3.92E-05 2.54E+37 8.91E+05 3.61E+10 2.89E-04 7.83E-01 2.07E-13 r   4.4
2.15E+11 3.73E-05 2.54E+37 8.80E+05 3.41E+10 2.77E-04 7.87E-01 1.73E-13 r   4.4
2.15E+11 3.54E-05 2.54E+37 8.69E+05 3.23E+10 2.65E-04 7.91E-01 1.44E-13 r   4.4
2.16E+11 3.36E-05 2.54E+37 8.58E+05 3.05E+10 2.54E-04 7.95E-01 1.20E-13 r   4.4
2.16E+11 3.18E-05 2.54E+37 8.47E+05 2.89E+10 2.43E-04 7.99E-01 9.91E-14 r   4.4
2.16E+11 3.02E-05 2.54E+37 8.36E+05 2.73E+10 2.33E-04 8.04E-01 8.20E-14 r   4.4
2.16E+11 2.86E-05 2.54E+37 8.25E+05 2.57E+10 2.22E-04 8.08E-01 6.76E-14 r   4.4
2.17E+11 2.71E-05 2.54E+37 8.14E+05 2.43E+10 2.13E-04 8.12E-01 5.57E-14 r   4.4
2.17E+11 2.56E-05 2.54E+37 8.04E+05 2.29E+10 2.03E-04 8.17E-01 4.57E-14 r   4.4
2.17E+11 2.42E-05 2.54E+37 7.93E+05 2.16E+10 1.94E-04 8.21E-01 3.74E-14 r   4.4
2.17E+11 2.29E-05 2.54E+37 7.82E+05 2.03E+10 1.85E-04 8.26E-01 3.05E-14 r   4.4
2.17E+11 2.16E-05 2.54E+37 7.72E+05 1.91E+10 1.76E-04 8.31E-01 2.48E-14 r   4.4
2.18E+11 2.04E-05 2.54E+37 7.61E+05 1.80E+10 1.68E-04 8.35E-01 2.01E-14 r   4.4
2.18E+11 1.92E-05 2.54E+37 7.50E+05 1.69E+10 1.60E-04 8.40E-01 1.62E-14 r   4.4
2.18E+11 1.81E-05 2.54E+37 7.40E+05 1.59E+10 1.52E-04 8.45E-01 1.31E-14 r   4.4
2.18E+11 1.71E-05 2.54E+37 7.29E+05 1.49E+10 1.45E-04 8.50E-01 1.05E-14 r   4.4
2.19E+11 1.61E-05 2.54E+37 7.19E+05 1.40E+10 1.38E-04 8.55E-01 8.40E-15 r   4.4
2.19E+11 1.51E-05 2.54E+37 7.08E+05 1.31E+10 1.31E-04 8.61E-01 6.69E-15 r   4.4
2.19E+11 1.42E-05 2.54E+37 6.98E+05 1.22E+10 1.25E-04 8.66E-01 5.32E-15 r   4.4
2.19E+11 1.33E-05 2.54E+37 6.87E+05 1.14E+10 1.18E-04 8.72E-01 4.21E-15 r   4.4
2.20E+11 1.25E-05 2.54E+37 6.77E+05 1.07E+10 1.12E-04 8.77E-01 3.31E-15 r   4.4
2.20E+11 1.17E-05 2.54E+37 6.66E+05 9.98E+09 1.06E-04 8.83E-01 2.60E-15 r   4.4
2.20E+11 1.10E-05 2.54E+37 6.56E+05 9.31E+09 1.01E-04 8.89E-01 2.03E-15 r   4.4
2.20E+11 1.02E-05 2.54E+37 6.46E+05 8.68E+09 9.53E-05 8.95E-01 1.58E-15 r   4.4
2.21E+11 9.57E-06 2.54E+37 6.36E+05 8.08E+09 9.01E-05 9.01E-01 1.23E-15 r   4.4
2.21E+11 8.93E-06 2.54E+37 6.25E+05 7.51E+09 8.52E-05 9.08E-01 9.45E-16 r   4.4
2.21E+11 8.33E-06 2.54E+37 6.15E+05 6.98E+09 8.04E-05 9.14E-01 7.25E-16 r   4.4
2.21E+11 7.76E-06 2.54E+37 6.05E+05 6.48E+09 7.59E-05 9.21E-01 5.54E-16 r   4.5
2.22E+11 7.22E-06 2.54E+37 5.95E+05 6.01E+09 7.15E-05 9.28E-01 4.21E-16 r   4.5
2.22E+11 6.71E-06 2.54E+37 5.84E+05 5.57E+09 6.74E-05 9.35E-01 3.18E-16 r   4.5
2.22E+11 6.23E-06 2.54E+37 5.74E+05 5.15E+09 6.34E-05 9.42E-01 2.39E-16 r   4.5
2.22E+11 5.78E-06 2.54E+37 5.64E+05 4.76E+09 5.96E-05 9.49E-01 1.79E-16 r   4.5
2.22E+11 5.35E-06 2.54E+37 5.54E+05 4.39E+09 5.60E-05 9.57E-01 1.33E-16 r   4.5
2.23E+11 4.95E-06 2.54E+37 5.44E+05 4.05E+09 5.25E-05 9.64E-01 9.81E-17 r   4.5
2.23E+11 4.57E-06 2.54E+37 5.34E+05 3.73E+09 4.92E-05 9.72E-01 7.20E-17 r   4.5
2.23E+11 4.22E-06 2.54E+37 5.24E+05 3.43E+09 4.61E-05 9.81E-01 5.25E-17 r   4.5
2.23E+11 3.89E-06 2.54E+37 5.14E+05 3.15E+09 4.31E-05 9.89E-01 3.80E-17 r   4.5
2.24E+11 3.57E-06 2.54E+37 5.04E+05 2.88E+09 4.03E-05 9.98E-01 2.73E-17 r   4.5
2.24E+11 3.28E-06 2.54E+37 4.94E+05 2.64E+09 3.76E-05 1.01E+00 1.95E-17 r   4.5
2.24E+11 3.01E-06 2.54E+37 4.85E+05 2.41E+09 3.50E-05 1.02E+00 1.38E-17 r   4.5
2.24E+11 2.76E-06 2.54E+37 4.75E+05 2.20E+09 3.26E-05 1.03E+00 9.69E-18 r   4.5
2.25E+11 2.52E-06 2.54E+37 4.65E+05 2.01E+09 3.03E-05 1.03E+00 6.75E-18 r   4.5
2.25E+11 2.30E-06 2.54E+37 4.55E+05 1.82E+09 2.82E-05 1.04E+00 4.66E-18 r   4.5
2.25E+11 2.10E-06 2.54E+37 4.45E+05 1.66E+09 2.61E-05 1.06E+00 3.19E-18 r   4.5
2.25E+11 1.91E-06 2.54E+37 4.36E+05 1.50E+09 2.42E-05 1.07E+00 2.16E-18 r   4.5
2.26E+11 1.73E-06 2.54E+37 4.26E+05 1.36E+09 2.23E-05 1.08E+00 1.45E-18 r   4.5
2.26E+11 1.57E-06 2.54E+37 4.16E+05 1.22E+09 2.06E-05 1.09E+00 9.62E-19 r   4.5
2.26E+11 1.42E-06 2.54E+37 4.07E+05 1.10E+09 1.90E-05 1.10E+00 6.31E-19 r   4.5
2.26E+11 1.28E-06 2.54E+37 3.97E+05 9.91E+08 1.75E-05 1.11E+00 4.10E-19 r   4.5
2.26E+11 1.15E-06 2.54E+37 3.88E+05 8.88E+08 1.60E-05 1.13E+00 2.63E-19 r   4.5
2.27E+11 1.03E-06 2.54E+37 3.78E+05 7.95E+08 1.47E-05 1.14E+00 1.66E-19 r   4.5
2.27E+11 9.23E-07 2.54E+37 3.68E+05 7.09E+08 1.34E-05 1.15E+00 1.04E-19 r   4.5
2.27E+11 8.24E-07 2.54E+37 3.59E+05 6.31E+08 1.23E-05 1.17E+00 6.38E-20 r   4.5
2.27E+11 7.34E-07 2.54E+37 3.50E+05 5.60E+08 1.12E-05 1.18E+00 3.87E-20 r   4.5
2.28E+11 6.51E-07 2.54E+37 3.40E+05 4.95E+08 1.01E-05 1.20E+00 2.31E-20 r   4.5
2.28E+11 5.76E-07 2.54E+37 3.31E+05 4.37E+08 9.18E-06 1.21E+00 1.35E-20 r   4.5
2.28E+11 5.09E-07 2.54E+37 3.21E+05 3.84E+08 8.30E-06 1.23E+00 7.80E-21 r   4.5
2.28E+11 4.47E-07 2.54E+37 3.12E+05 3.37E+08 7.48E-06 1.25E+00 4.41E-21 r   4.5
2.29E+11 3.92E-07 2.54E+37 3.03E+05 2.94E+08 6.73E-06 1.26E+00 2.44E-21 r   4.5
2.29E+11 3.42E-07 2.54E+37 2.94E+05 2.56E+08 6.03E-06 1.28E+00 1.33E-21 r   4.5
2.29E+11 2.97E-07 2.54E+37 2.84E+05 2.22E+08 5.39E-06 1.30E+00 7.02E-22 r   4.5
2.29E+11 2.57E-07 2.54E+37 2.75E+05 1.91E+08 4.80E-06 1.32E+00 3.63E-22 r   4.5
2.30E+11 2.22E-07 2.54E+37 2.66E+05 1.64E+08 4.26E-06 1.35E+00 1.83E-22 r   4.5
2.30E+11 1.90E-07 2.54E+37 2.57E+05 1.40E+08 3.76E-06 1.37E+00 8.94E-23 r   4.5
2.30E+11 1.62E-07 2.54E+37 2.48E+05 1.19E+08 3.31E-06 1.39E+00 4.25E-23 r   4.5
2.30E+11 1.38E-07 2.54E+37 2.39E+05 1.01E+08 2.90E-06 1.42E+00 1.95E-23 r   4.5
2.30E+11 1.16E-07 2.54E+37 2.30E+05 8.50E+07 2.53E-06 1.45E+00 8.65E-24 r   4.5
2.31E+11 9.76E-08 2.54E+37 2.21E+05 7.11E+07 2.20E-06 1.48E+00 3.69E-24 r   4.5
2.31E+11 8.13E-08 2.54E+37 2.12E+05 5.90E+07 1.90E-06 1.51E+00 1.51E-24 r   4.5
2.31E+11 6.72E-08 2.54E+37 2.03E+05 4.86E+07 1.63E-06 1.54E+00 5.89E-25 r   4.5
2.31E+11 5.52E-08 2.54E+37 1.94E+05 3.98E+07 1.39E-06 1.57E+00 2.19E-25 r   4.5
2.32E+11 4.49E-08 2.54E+37 1.85E+05 3.23E+07 1.18E-06 1.61E+00 7.69E-26 r   4.5
2.32E+11 3.62E-08 2.54E+37 1.77E+05 2.59E+07 9.93E-07 1.65E+00 2.54E-26 r   4.5
2.32E+11 2.89E-08 2.54E+37 1.68E+05 2.06E+07 8.29E-07 1.69E+00 7.87E-27 r   4.5
2.32E+11 2.28E-08 2.54E+37 1.59E+05 1.62E+07 6.86E-07 1.74E+00 2.26E-27 r   4.5
2.33E+11 1.77E-08 2.54E+37 1.51E+05 1.26E+07 5.62E-07 1.79E+00 5.95E-28 r   4.5
2.33E+11 1.36E-08 2.54E+37 1.42E+05 9.69E+06 4.56E-07 1.84E+00 1.43E-28 r   4.5
2.33E+11 1.03E-08 2.54E+37 1.33E+05 7.32E+06 3.65E-07 1.90E+00 3.07E-29 r   4.5
2.33E+11 7.67E-09 2.54E+37 1.25E+05 5.44E+06 2.89E-07 1.97E+00 5.85E-30 r   4.5
2.34E+11 5.59E-09 2.54E+37 1.16E+05 3.97E+06 2.25E-07 2.04E+00 9.67E-31 r   4.5
2.34E+11 3.98E-09 2.54E+37 1.08E+05 2.83E+06 1.72E-07 2.13E+00 1.35E-31 r   4.5
2.34E+11 2.76E-09 2.54E+37 9.97E+04 1.97E+06 1.29E-07 2.22E+00 1.54E-32 r   4.7
2.34E+11 1.70E-09 2.54E+37 8.96E+04 1.20E+06 8.66E-08 2.32E+00 7.98E-34 r   4.7
2.35E+11 9.88E-10 2.54E+37 7.96E+04 6.89E+05 5.52E-08 2.43E+00 2.61E-35 r   4.7
2.35E+11 5.35E-10 2.54E+37 6.95E+04 3.67E+05 3.30E-08 2.56E+00 4.64E-37 r   4.7
2.35E+11 2.63E-10 2.54E+37 5.96E+04 1.77E+05 1.82E-08 2.71E+00 3.60E-39 r   4.7
2.35E+11 1.13E-10 2.54E+37 4.96E+04 7.41E+04 8.86E-09 2.87E+00 8.49E-42 r   4.8
2.35E+11 3.96E-11 2.54E+37 3.96E+04 2.53E+04 3.59E-09 3.03E+00 3.17E-45 r   4.9
2.36E+11 9.91E-12 2.54E+37 2.97E+04 6.10E+03 1.04E-09 3.08E+00 4.98E-50 r   5.1
2.36E+11 1.27E-12 2.54E+37 1.98E+04 7.76E+02 1.48E-10 2.71E+00 1.22E-57 r   4.6
2.36E+11 4.32E-14 2.54E+37 9.88E+03 3.08E+01 5.19E-12 2.19E+00 5.02E-73 r   4.2
2.36E+11 0.00E+00 2.54E+37 0.00E+00 0.00E+00 0.00E+00 0.00E+00 0.00E+00 r   4.2
