   r        Qm       L_r       T        P        rho      kap      eps  zone dlPdlT
2.76E+09 1.00E+00 5.00E+35 2.94E+07 6.54E+16 1.61E+01 3.60E-01 1.45E+04 c   2.4
4.49E+09 9.99E-01 5.67E+35 2.93E+07 6.49E+16 1.61E+01 3.60E-01 1.38E+04 c   2.4
6.22E+09 9.99E-01 7.00E+35 2.92E+07 6.43E+16 1.60E+01 3.60E-01 1.29E+04 c   2.4
7.94E+09 9.97E-01 9.13E+35 2.90E+07 6.34E+16 1.59E+01 3.61E-01 1.17E+04 c   2.4
9.67E+09 9.95E-01 1.21E+36 2.88E+07 6.23E+16 1.57E+01 3.61E-01 1.04E+04 c   2.4
1.14E+10 9.92E-01 1.57E+36 2.86E+07 6.11E+16 1.55E+01 3.61E-01 9.00E+03 c   2.4
1.31E+10 9.88E-01 1.99E+36 2.83E+07 5.96E+16 1.53E+01 3.62E-01 7.61E+03 c   2.4
1.48E+10 9.82E-01 2.43E+36 2.80E+07 5.80E+16 1.51E+01 3.62E-01 6.29E+03 c   2.4
1.66E+10 9.75E-01 2.88E+36 2.76E+07 5.63E+16 1.48E+01 3.63E-01 5.07E+03 c   2.4
1.83E+10 9.67E-01 3.32E+36 2.73E+07 5.44E+16 1.45E+01 3.64E-01 3.98E+03 c   2.4
2.00E+10 9.58E-01 3.72E+36 2.68E+07 5.24E+16 1.42E+01 3.65E-01 3.05E+03 c   2.4
2.18E+10 9.47E-01 4.07E+36 2.64E+07 5.03E+16 1.39E+01 3.65E-01 2.28E+03 c   2.4
2.35E+10 9.34E-01 4.37E+36 2.59E+07 4.81E+16 1.35E+01 3.67E-01 1.66E+03 c   2.4
2.52E+10 9.19E-01 4.61E+36 2.54E+07 4.58E+16 1.32E+01 3.68E-01 1.18E+03 c   2.4
2.69E+10 9.03E-01 4.80E+36 2.49E+07 4.35E+16 1.28E+01 3.69E-01 8.15E+02 c   2.4
2.87E+10 8.86E-01 4.94E+36 2.43E+07 4.12E+16 1.24E+01 3.71E-01 5.49E+02 c   2.4
3.04E+10 8.66E-01 5.04E+36 2.37E+07 3.88E+16 1.20E+01 3.72E-01 3.61E+02 c   2.4
3.21E+10 8.46E-01 5.12E+36 2.31E+07 3.64E+16 1.15E+01 3.74E-01 2.32E+02 c   2.5
3.38E+10 8.23E-01 5.17E+36 2.25E+07 3.41E+16 1.11E+01 3.77E-01 1.46E+02 c   2.5
3.56E+10 8.00E-01 5.20E+36 2.19E+07 3.17E+16 1.06E+01 3.79E-01 9.03E+01 c   2.5
3.73E+10 7.74E-01 5.22E+36 2.12E+07 2.94E+16 1.02E+01 3.82E-01 5.53E+01 c   2.4
3.90E+10 7.48E-01 5.23E+36 2.05E+07 2.72E+16 9.73E+00 3.85E-01 3.35E+01 r   2.5
4.07E+10 7.21E-01 5.24E+36 1.98E+07 2.50E+16 9.26E+00 3.89E-01 2.09E+01 r   2.6
4.25E+10 6.92E-01 5.25E+36 1.92E+07 2.29E+16 8.78E+00 3.92E-01 1.35E+01 r   2.7
4.42E+10 6.63E-01 5.25E+36 1.86E+07 2.09E+16 8.28E+00 3.96E-01 9.02E+00 r   2.8
4.59E+10 6.33E-01 5.25E+36 1.79E+07 1.90E+16 7.79E+00 4.00E-01 6.27E+00 r   2.9
4.77E+10 6.03E-01 5.26E+36 1.73E+07 1.72E+16 7.30E+00 4.03E-01 4.51E+00 r   3.0
4.94E+10 5.73E-01 5.26E+36 1.68E+07 1.55E+16 6.81E+00 4.07E-01 3.34E+00 r   3.1
5.11E+10 5.43E-01 5.26E+36 1.62E+07 1.39E+16 6.33E+00 4.11E-01 2.52E+00 r   3.2
5.28E+10 5.13E-01 5.26E+36 1.56E+07 1.24E+16 5.87E+00 4.15E-01 1.93E+00 r   3.3
5.46E+10 4.84E-01 5.26E+36 1.51E+07 1.11E+16 5.42E+00 4.20E-01 1.49E+00 r   3.3
5.63E+10 4.55E-01 5.26E+36 1.46E+07 9.84E+15 4.99E+00 4.24E-01 1.16E+00 r   3.4
5.80E+10 4.26E-01 5.26E+36 1.41E+07 8.71E+15 4.58E+00 4.28E-01 9.02E-01 r   3.5
5.97E+10 3.99E-01 5.26E+36 1.36E+07 7.69E+15 4.19E+00 4.33E-01 7.02E-01 r   3.5
6.15E+10 3.72E-01 5.26E+36 1.31E+07 6.77E+15 3.82E+00 4.37E-01 5.45E-01 r   3.6
6.32E+10 3.46E-01 5.26E+36 1.26E+07 5.94E+15 3.48E+00 4.42E-01 4.22E-01 r   3.7
6.49E+10 3.21E-01 5.26E+36 1.22E+07 5.20E+15 3.16E+00 4.46E-01 3.26E-01 r   3.7
6.66E+10 2.98E-01 5.26E+36 1.17E+07 4.54E+15 2.86E+00 4.51E-01 2.51E-01 r   3.8
6.84E+10 2.75E-01 5.26E+36 1.13E+07 3.96E+15 2.59E+00 4.56E-01 1.92E-01 r   3.8
7.01E+10 2.54E-01 5.26E+36 1.09E+07 3.44E+15 2.33E+00 4.61E-01 1.47E-01 r   3.8
7.18E+10 2.34E-01 5.26E+36 1.05E+07 2.98E+15 2.10E+00 4.65E-01 1.11E-01 r   3.9
7.35E+10 2.15E-01 5.26E+36 1.01E+07 2.58E+15 1.88E+00 4.70E-01 8.42E-02 r   3.9
7.53E+10 1.97E-01 5.26E+36 9.74E+06 2.23E+15 1.69E+00 4.75E-01 6.34E-02 r   4.0
7.70E+10 1.80E-01 5.26E+36 9.38E+06 1.92E+15 1.51E+00 4.81E-01 4.75E-02 r   4.0
7.87E+10 1.64E-01 5.26E+36 9.03E+06 1.65E+15 1.35E+00 4.86E-01 3.54E-02 r   4.0
8.05E+10 1.49E-01 5.26E+36 8.70E+06 1.42E+15 1.20E+00 4.91E-01 2.63E-02 r   4.0
8.22E+10 1.36E-01 5.26E+36 8.37E+06 1.21E+15 1.07E+00 4.96E-01 1.94E-02 r   4.1
8.39E+10 1.23E-01 5.26E+36 8.06E+06 1.04E+15 9.53E-01 5.02E-01 1.42E-02 r   4.1
8.56E+10 1.11E-01 5.26E+36 7.75E+06 8.86E+14 8.45E-01 5.07E-01 1.04E-02 r   4.1
8.74E+10 1.00E-01 5.26E+36 7.45E+06 7.55E+14 7.49E-01 5.13E-01 7.55E-03 r   4.1
8.91E+10 9.04E-02 5.26E+36 7.17E+06 6.43E+14 6.63E-01 5.19E-01 5.46E-03 r   4.2
9.08E+10 8.13E-02 5.26E+36 6.89E+06 5.46E+14 5.85E-01 5.25E-01 3.92E-03 r   4.2
9.25E+10 7.29E-02 5.26E+36 6.62E+06 4.63E+14 5.16E-01 5.31E-01 2.80E-03 r   4.2
9.43E+10 6.52E-02 5.26E+36 6.36E+06 3.92E+14 4.55E-01 5.37E-01 1.99E-03 r   4.2
9.60E+10 5.82E-02 5.26E+36 6.11E+06 3.31E+14 4.00E-01 5.44E-01 1.40E-03 r   4.2
9.77E+10 5.18E-02 5.26E+36 5.87E+06 2.79E+14 3.51E-01 5.50E-01 9.80E-04 r   4.2
9.94E+10 4.60E-02 5.26E+36 5.64E+06 2.35E+14 3.07E-01 5.57E-01 6.82E-04 r   4.2
1.01E+11 4.07E-02 5.26E+36 5.41E+06 1.97E+14 2.69E-01 5.64E-01 4.71E-04 r   4.3
1.03E+11 3.60E-02 5.26E+36 5.19E+06 1.65E+14 2.35E-01 5.72E-01 3.22E-04 r   4.3
1.05E+11 3.17E-02 5.26E+36 4.97E+06 1.38E+14 2.05E-01 5.79E-01 2.19E-04 r   4.3
1.06E+11 2.78E-02 5.26E+36 4.77E+06 1.15E+14 1.78E-01 5.87E-01 1.48E-04 r   4.3
1.08E+11 2.43E-02 5.26E+36 4.57E+06 9.56E+13 1.55E-01 5.95E-01 9.86E-05 r   4.3
1.10E+11 2.12E-02 5.26E+36 4.37E+06 7.93E+13 1.34E-01 6.03E-01 6.52E-05 r   4.3
1.12E+11 1.84E-02 5.26E+36 4.18E+06 6.56E+13 1.16E-01 6.12E-01 4.27E-05 r   4.3
1.13E+11 1.60E-02 5.26E+36 4.00E+06 5.41E+13 9.97E-02 6.21E-01 2.76E-05 r   4.3
1.15E+11 1.38E-02 5.26E+36 3.82E+06 4.44E+13 8.58E-02 6.30E-01 1.77E-05 r   4.3
1.17E+11 1.18E-02 5.26E+36 3.65E+06 3.64E+13 7.35E-02 6.40E-01 1.12E-05 r   4.3
1.18E+11 1.01E-02 5.26E+36 3.48E+06 2.97E+13 6.29E-02 6.50E-01 6.96E-06 r   4.3
1.19E+11 9.98E-03 5.26E+36 3.47E+06 2.91E+13 6.19E-02 6.51E-01 6.64E-06 r   4.3
1.19E+11 9.82E-03 5.26E+36 3.45E+06 2.85E+13 6.09E-02 6.52E-01 6.32E-06 r   4.3
1.19E+11 9.66E-03 5.26E+36 3.43E+06 2.79E+13 5.99E-02 6.53E-01 6.02E-06 r   4.3
1.19E+11 9.51E-03 5.26E+36 3.42E+06 2.73E+13 5.90E-02 6.54E-01 5.74E-06 r   4.3
1.19E+11 9.36E-03 5.26E+36 3.40E+06 2.68E+13 5.81E-02 6.55E-01 5.47E-06 r   4.3
1.19E+11 9.21E-03 5.26E+36 3.39E+06 2.62E+13 5.71E-02 6.57E-01 5.21E-06 r   4.3
1.20E+11 9.06E-03 5.26E+36 3.37E+06 2.57E+13 5.62E-02 6.58E-01 4.96E-06 r   4.3
1.20E+11 8.92E-03 5.26E+36 3.35E+06 2.52E+13 5.53E-02 6.59E-01 4.72E-06 r   4.3
1.20E+11 8.77E-03 5.26E+36 3.34E+06 2.46E+13 5.44E-02 6.60E-01 4.49E-06 r   4.4
1.20E+11 8.63E-03 5.26E+36 3.32E+06 2.41E+13 5.36E-02 6.61E-01 4.28E-06 r   4.4
1.20E+11 8.49E-03 5.26E+36 3.31E+06 2.36E+13 5.27E-02 6.62E-01 4.07E-06 r   4.4
1.21E+11 8.36E-03 5.26E+36 3.29E+06 2.31E+13 5.19E-02 6.63E-01 3.87E-06 r   4.4
1.21E+11 8.22E-03 5.26E+36 3.27E+06 2.27E+13 5.10E-02 6.64E-01 3.69E-06 r   4.4
1.21E+11 8.09E-03 5.26E+36 3.26E+06 2.22E+13 5.02E-02 6.65E-01 3.51E-06 r   4.4
1.21E+11 7.95E-03 5.26E+36 3.24E+06 2.17E+13 4.94E-02 6.66E-01 3.33E-06 r   4.4
1.21E+11 7.82E-03 5.26E+36 3.23E+06 2.13E+13 4.86E-02 6.68E-01 3.17E-06 r   4.4
1.21E+11 7.69E-03 5.26E+36 3.21E+06 2.08E+13 4.78E-02 6.69E-01 3.02E-06 r   4.4
1.22E+11 7.57E-03 5.26E+36 3.19E+06 2.04E+13 4.70E-02 6.70E-01 2.87E-06 r   4.4
1.22E+11 7.44E-03 5.26E+36 3.18E+06 1.99E+13 4.63E-02 6.71E-01 2.72E-06 r   4.4
1.22E+11 7.32E-03 5.26E+36 3.16E+06 1.95E+13 4.55E-02 6.72E-01 2.59E-06 r   4.4
1.22E+11 7.20E-03 5.26E+36 3.15E+06 1.91E+13 4.48E-02 6.73E-01 2.46E-06 r   4.4
1.22E+11 7.07E-03 5.26E+36 3.13E+06 1.87E+13 4.40E-02 6.75E-01 2.34E-06 r   4.4
1.22E+11 6.96E-03 5.26E+36 3.12E+06 1.83E+13 4.33E-02 6.76E-01 2.22E-06 r   4.4
1.23E+11 6.84E-03 5.26E+36 3.10E+06 1.79E+13 4.26E-02 6.77E-01 2.11E-06 r   4.4
1.23E+11 6.72E-03 5.26E+36 3.09E+06 1.75E+13 4.19E-02 6.78E-01 2.00E-06 r   4.4
1.23E+11 6.61E-03 5.26E+36 3.07E+06 1.72E+13 4.12E-02 6.79E-01 1.90E-06 r   4.4
1.23E+11 6.50E-03 5.26E+36 3.06E+06 1.68E+13 4.05E-02 6.80E-01 1.80E-06 r   4.4
1.23E+11 6.39E-03 5.26E+36 3.04E+06 1.64E+13 3.98E-02 6.82E-01 1.71E-06 r   4.4
1.23E+11 6.28E-03 5.26E+36 3.03E+06 1.61E+13 3.92E-02 6.83E-01 1.62E-06 r   4.4
1.24E+11 6.17E-03 5.26E+36 3.01E+06 1.57E+13 3.85E-02 6.84E-01 1.54E-06 r   4.4
1.24E+11 6.06E-03 5.26E+36 3.00E+06 1.54E+13 3.79E-02 6.85E-01 1.46E-06 r   4.4
1.24E+11 5.96E-03 5.26E+36 2.98E+06 1.51E+13 3.72E-02 6.87E-01 1.39E-06 r   4.4
1.24E+11 5.86E-03 5.26E+36 2.97E+06 1.47E+13 3.66E-02 6.88E-01 1.31E-06 r   4.4
1.24E+11 5.75E-03 5.26E+36 2.95E+06 1.44E+13 3.60E-02 6.89E-01 1.25E-06 r   4.4
1.24E+11 5.65E-03 5.26E+36 2.94E+06 1.41E+13 3.54E-02 6.90E-01 1.18E-06 r   4.4
1.25E+11 5.55E-03 5.26E+36 2.92E+06 1.38E+13 3.48E-02 6.92E-01 1.12E-06 r   4.4
1.25E+11 5.46E-03 5.26E+36 2.91E+06 1.35E+13 3.42E-02 6.93E-01 1.06E-06 r   4.4
1.25E+11 5.36E-03 5.26E+36 2.89E+06 1.32E+13 3.36E-02 6.94E-01 1.00E-06 r   4.4
1.25E+11 5.27E-03 5.26E+36 2.88E+06 1.29E+13 3.30E-02 6.95E-01 9.50E-07 r   4.4
1.25E+11 5.17E-03 5.26E+36 2.86E+06 1.26E+13 3.24E-02 6.97E-01 9.00E-07 r   4.4
1.26E+11 5.08E-03 5.26E+36 2.85E+06 1.23E+13 3.19E-02 6.98E-01 8.52E-07 r   4.4
1.26E+11 4.99E-03 5.26E+36 2.83E+06 1.20E+13 3.13E-02 6.99E-01 8.06E-07 r   4.4
1.26E+11 4.90E-03 5.26E+36 2.82E+06 1.18E+13 3.08E-02 7.00E-01 7.63E-07 r   4.4
1.26E+11 4.81E-03 5.26E+36 2.80E+06 1.15E+13 3.03E-02 7.02E-01 7.22E-07 r   4.4
1.26E+11 4.73E-03 5.26E+36 2.79E+06 1.13E+13 2.97E-02 7.03E-01 6.83E-07 r   4.4
1.26E+11 4.64E-03 5.26E+36 2.77E+06 1.10E+13 2.92E-02 7.04E-01 6.46E-07 r   4.4
1.27E+11 4.56E-03 5.26E+36 2.76E+06 1.08E+13 2.87E-02 7.06E-01 6.11E-07 r   4.4
1.27E+11 4.47E-03 5.26E+36 2.75E+06 1.05E+13 2.82E-02 7.07E-01 5.77E-07 r   4.4
1.27E+11 4.39E-03 5.26E+36 2.73E+06 1.03E+13 2.77E-02 7.08E-01 5.46E-07 r   4.4
1.27E+11 4.31E-03 5.26E+36 2.72E+06 1.00E+13 2.72E-02 7.10E-01 5.15E-07 r   4.4
1.27E+11 4.23E-03 5.26E+36 2.70E+06 9.82E+12 2.68E-02 7.11E-01 4.87E-07 r   4.4
1.27E+11 4.15E-03 5.26E+36 2.69E+06 9.59E+12 2.63E-02 7.13E-01 4.60E-07 r   4.4
1.28E+11 4.08E-03 5.26E+36 2.67E+06 9.37E+12 2.58E-02 7.14E-01 4.34E-07 r   4.4
1.28E+11 4.00E-03 5.26E+36 2.66E+06 9.16E+12 2.54E-02 7.15E-01 4.10E-07 r   4.4
1.28E+11 3.93E-03 5.26E+36 2.65E+06 8.95E+12 2.49E-02 7.17E-01 3.87E-07 r   4.4
1.28E+11 3.85E-03 5.26E+36 2.63E+06 8.74E+12 2.45E-02 7.18E-01 3.65E-07 r   4.4
1.28E+11 3.78E-03 5.26E+36 2.62E+06 8.54E+12 2.40E-02 7.20E-01 3.45E-07 r   4.4
1.28E+11 3.71E-03 5.26E+36 2.60E+06 8.34E+12 2.36E-02 7.21E-01 3.25E-07 r   4.4
1.29E+11 3.64E-03 5.26E+36 2.59E+06 8.15E+12 2.32E-02 7.22E-01 3.06E-07 r   4.4
1.29E+11 3.57E-03 5.26E+36 2.58E+06 7.96E+12 2.27E-02 7.24E-01 2.89E-07 r   4.4
1.29E+11 3.50E-03 5.26E+36 2.56E+06 7.77E+12 2.23E-02 7.25E-01 2.72E-07 r   4.4
1.29E+11 3.43E-03 5.26E+36 2.55E+06 7.59E+12 2.19E-02 7.27E-01 2.57E-07 r   4.4
1.29E+11 3.37E-03 5.26E+36 2.53E+06 7.41E+12 2.15E-02 7.28E-01 2.42E-07 r   4.4
1.29E+11 3.30E-03 5.26E+36 2.52E+06 7.24E+12 2.11E-02 7.30E-01 2.28E-07 r   4.4
1.30E+11 3.24E-03 5.26E+36 2.51E+06 7.07E+12 2.07E-02 7.31E-01 2.14E-07 r   4.4
1.30E+11 3.18E-03 5.26E+36 2.49E+06 6.90E+12 2.04E-02 7.33E-01 2.02E-07 r   4.4
1.30E+11 3.11E-03 5.26E+36 2.48E+06 6.73E+12 2.00E-02 7.34E-01 1.90E-07 r   4.4
1.30E+11 3.05E-03 5.26E+36 2.47E+06 6.57E+12 1.96E-02 7.36E-01 1.79E-07 r   4.4
1.30E+11 2.99E-03 5.26E+36 2.45E+06 6.42E+12 1.93E-02 7.37E-01 1.68E-07 r   4.4
1.31E+11 2.93E-03 5.26E+36 2.44E+06 6.26E+12 1.89E-02 7.39E-01 1.58E-07 r   4.4
1.31E+11 2.88E-03 5.26E+36 2.43E+06 6.11E+12 1.85E-02 7.40E-01 1.49E-07 r   4.4
1.31E+11 2.82E-03 5.26E+36 2.41E+06 5.97E+12 1.82E-02 7.42E-01 1.40E-07 r   4.4
1.31E+11 2.76E-03 5.26E+36 2.40E+06 5.82E+12 1.79E-02 7.43E-01 1.31E-07 r   4.4
1.31E+11 2.71E-03 5.26E+36 2.39E+06 5.68E+12 1.75E-02 7.45E-01 1.23E-07 r   4.4
1.31E+11 2.65E-03 5.26E+36 2.37E+06 5.54E+12 1.72E-02 7.46E-01 1.16E-07 r   4.4
1.32E+11 2.60E-03 5.26E+36 2.36E+06 5.41E+12 1.69E-02 7.48E-01 1.09E-07 r   4.4
1.32E+11 2.55E-03 5.26E+36 2.35E+06 5.27E+12 1.65E-02 7.50E-01 1.02E-07 r   4.4
1.32E+11 2.50E-03 5.26E+36 2.33E+06 5.15E+12 1.62E-02 7.51E-01 9.59E-08 r   4.4
1.32E+11 2.44E-03 5.26E+36 2.32E+06 5.02E+12 1.59E-02 7.53E-01 9.00E-08 r   4.4
1.32E+11 2.39E-03 5.26E+36 2.31E+06 4.90E+12 1.56E-02 7.54E-01 8.44E-08 r   4.4
1.32E+11 2.35E-03 5.26E+36 2.29E+06 4.77E+12 1.53E-02 7.56E-01 7.91E-08 r   4.4
1.33E+11 2.30E-03 5.26E+36 2.28E+06 4.66E+12 1.50E-02 7.58E-01 7.42E-08 r   4.4
1.33E+11 2.25E-03 5.26E+36 2.27E+06 4.54E+12 1.47E-02 7.59E-01 6.95E-08 r   4.4
1.33E+11 2.20E-03 5.26E+36 2.25E+06 4.43E+12 1.44E-02 7.61E-01 6.51E-08 r   4.4
1.33E+11 2.16E-03 5.26E+36 2.24E+06 4.32E+12 1.42E-02 7.63E-01 6.10E-08 r   4.4
1.33E+11 2.11E-03 5.26E+36 2.23E+06 4.21E+12 1.39E-02 7.64E-01 5.71E-08 r   4.4
1.33E+11 2.07E-03 5.26E+36 2.22E+06 4.10E+12 1.36E-02 7.66E-01 5.35E-08 r   4.4
1.34E+11 2.02E-03 5.26E+36 2.20E+06 4.00E+12 1.34E-02 7.68E-01 5.00E-08 r   4.4
1.34E+11 1.98E-03 5.26E+36 2.19E+06 3.90E+12 1.31E-02 7.70E-01 4.68E-08 r   4.4
1.34E+11 1.94E-03 5.26E+36 2.18E+06 3.80E+12 1.28E-02 7.71E-01 4.38E-08 r   4.4
1.34E+11 1.90E-03 5.26E+36 2.16E+06 3.70E+12 1.26E-02 7.73E-01 4.09E-08 r   4.4
1.34E+11 1.86E-03 5.26E+36 2.15E+06 3.60E+12 1.23E-02 7.75E-01 3.82E-08 r   4.4
1.34E+11 1.82E-03 5.26E+36 2.14E+06 3.51E+12 1.21E-02 7.77E-01 3.57E-08 r   4.4
1.35E+11 1.78E-03 5.26E+36 2.13E+06 3.42E+12 1.18E-02 7.78E-01 3.34E-08 r   4.4
1.35E+11 1.74E-03 5.26E+36 2.11E+06 3.33E+12 1.16E-02 7.80E-01 3.11E-08 r   4.4
1.35E+11 1.70E-03 5.26E+36 2.10E+06 3.25E+12 1.14E-02 7.82E-01 2.91E-08 r   4.4
1.35E+11 1.66E-03 5.26E+36 2.09E+06 3.16E+12 1.11E-02 7.84E-01 2.71E-08 r   4.4
1.35E+11 1.63E-03 5.26E+36 2.08E+06 3.08E+12 1.09E-02 7.86E-01 2.53E-08 r   4.4
1.36E+11 1.59E-03 5.26E+36 2.06E+06 3.00E+12 1.07E-02 7.88E-01 2.36E-08 r   4.4
1.36E+11 1.55E-03 5.26E+36 2.05E+06 2.92E+12 1.05E-02 7.89E-01 2.20E-08 r   4.4
1.36E+11 1.52E-03 5.26E+36 2.04E+06 2.84E+12 1.03E-02 7.91E-01 2.05E-08 r   4.4
1.36E+11 1.49E-03 5.26E+36 2.03E+06 2.77E+12 1.00E-02 7.93E-01 1.91E-08 r   4.4
1.36E+11 1.45E-03 5.26E+36 2.01E+06 2.69E+12 9.83E-03 7.95E-01 1.78E-08 r   4.4
1.36E+11 1.42E-03 5.26E+36 2.00E+06 2.62E+12 9.63E-03 7.97E-01 1.65E-08 r   4.4
1.37E+11 1.39E-03 5.26E+36 1.99E+06 2.55E+12 9.43E-03 7.99E-01 1.54E-08 r   4.4
1.37E+11 1.35E-03 5.26E+36 1.98E+06 2.48E+12 9.23E-03 8.01E-01 1.43E-08 r   4.4
1.37E+11 1.32E-03 5.26E+36 1.96E+06 2.42E+12 9.04E-03 8.03E-01 1.33E-08 r   4.4
1.37E+11 1.29E-03 5.26E+36 1.95E+06 2.35E+12 8.85E-03 8.05E-01 1.24E-08 r   4.4
1.37E+11 1.26E-03 5.26E+36 1.94E+06 2.29E+12 8.66E-03 8.07E-01 1.15E-08 r   4.4
1.37E+11 1.23E-03 5.26E+36 1.93E+06 2.22E+12 8.48E-03 8.09E-01 1.07E-08 r   4.4
1.38E+11 1.21E-03 5.26E+36 1.92E+06 2.16E+12 8.30E-03 8.11E-01 9.90E-09 r   4.4
1.38E+11 1.18E-03 5.26E+36 1.90E+06 2.10E+12 8.12E-03 8.13E-01 9.18E-09 r   4.4
1.38E+11 1.15E-03 5.26E+36 1.89E+06 2.05E+12 7.95E-03 8.15E-01 8.52E-09 r   4.4
1.38E+11 1.12E-03 5.26E+36 1.88E+06 1.99E+12 7.77E-03 8.17E-01 7.90E-09 r   4.4
1.38E+11 1.10E-03 5.26E+36 1.87E+06 1.93E+12 7.61E-03 8.19E-01 7.32E-09 r   4.4
1.38E+11 1.07E-03 5.26E+36 1.86E+06 1.88E+12 7.44E-03 8.21E-01 6.78E-09 r   4.4
1.39E+11 1.04E-03 5.26E+36 1.84E+06 1.83E+12 7.28E-03 8.23E-01 6.28E-09 r   4.4
1.39E+11 1.02E-03 5.26E+36 1.83E+06 1.78E+12 7.12E-03 8.26E-01 5.81E-09 r   4.4
1.39E+11 9.93E-04 5.26E+36 1.82E+06 1.73E+12 6.96E-03 8.28E-01 5.38E-09 r   4.4
1.39E+11 9.69E-04 5.26E+36 1.81E+06 1.68E+12 6.81E-03 8.30E-01 4.97E-09 r   4.4
1.39E+11 9.45E-04 5.26E+36 1.80E+06 1.63E+12 6.66E-03 8.32E-01 4.60E-09 r   4.4
1.40E+11 9.22E-04 5.26E+36 1.79E+06 1.58E+12 6.51E-03 8.34E-01 4.25E-09 r   4.4
1.40E+11 8.99E-04 5.26E+36 1.77E+06 1.54E+12 6.37E-03 8.37E-01 3.92E-09 r   4.4
1.40E+11 8.77E-04 5.26E+36 1.76E+06 1.49E+12 6.22E-03 8.39E-01 3.62E-09 r   4.4
1.40E+11 8.55E-04 5.26E+36 1.75E+06 1.45E+12 6.08E-03 8.41E-01 3.34E-09 r   4.4
1.40E+11 8.34E-04 5.26E+36 1.74E+06 1.41E+12 5.95E-03 8.43E-01 3.08E-09 r   4.4
1.40E+11 8.13E-04 5.26E+36 1.73E+06 1.37E+12 5.81E-03 8.46E-01 2.84E-09 r   4.4
1.41E+11 7.92E-04 5.26E+36 1.72E+06 1.33E+12 5.68E-03 8.48E-01 2.62E-09 r   4.4
1.41E+11 7.72E-04 5.26E+36 1.70E+06 1.29E+12 5.55E-03 8.50E-01 2.41E-09 r   4.4
1.41E+11 7.52E-04 5.26E+36 1.69E+06 1.25E+12 5.42E-03 8.53E-01 2.22E-09 r   4.4
1.41E+11 7.33E-04 5.26E+36 1.68E+06 1.21E+12 5.30E-03 8.55E-01 2.04E-09 r   4.4
1.41E+11 7.14E-04 5.26E+36 1.67E+06 1.18E+12 5.17E-03 8.57E-01 1.88E-09 r   4.4
1.41E+11 6.95E-04 5.26E+36 1.66E+06 1.14E+12 5.05E-03 8.60E-01 1.73E-09 r   4.4
1.42E+11 6.77E-04 5.26E+36 1.65E+06 1.11E+12 4.93E-03 8.62E-01 1.59E-09 r   4.4
1.42E+11 6.59E-04 5.26E+36 1.64E+06 1.07E+12 4.82E-03 8.65E-01 1.46E-09 r   4.4
1.42E+11 6.42E-04 5.26E+36 1.62E+06 1.04E+12 4.70E-03 8.67E-01 1.34E-09 r   4.4
1.42E+11 6.25E-04 5.26E+36 1.61E+06 1.01E+12 4.59E-03 8.70E-01 1.23E-09 r   4.4
1.42E+11 6.08E-04 5.26E+36 1.60E+06 9.78E+11 4.48E-03 8.72E-01 1.12E-09 r   4.4
1.42E+11 5.92E-04 5.26E+36 1.59E+06 9.48E+11 4.38E-03 8.75E-01 1.03E-09 r   4.4
1.43E+11 5.76E-04 5.26E+36 1.58E+06 9.19E+11 4.27E-03 8.77E-01 9.43E-10 r   4.4
1.43E+11 5.60E-04 5.26E+36 1.57E+06 8.90E+11 4.17E-03 8.80E-01 8.63E-10 r   4.4
1.43E+11 5.45E-04 5.26E+36 1.56E+06 8.63E+11 4.07E-03 8.83E-01 7.89E-10 r   4.4
1.43E+11 5.30E-04 5.26E+36 1.55E+06 8.36E+11 3.97E-03 8.85E-01 7.21E-10 r   4.4
1.43E+11 5.15E-04 5.26E+36 1.53E+06 8.09E+11 3.87E-03 8.88E-01 6.59E-10 r   4.4
1.43E+11 5.01E-04 5.26E+36 1.52E+06 7.84E+11 3.78E-03 8.91E-01 6.02E-10 r   4.4
1.44E+11 4.87E-04 5.26E+36 1.51E+06 7.59E+11 3.68E-03 8.93E-01 5.49E-10 r   4.4
1.44E+11 4.73E-04 5.26E+36 1.50E+06 7.35E+11 3.59E-03 8.96E-01 5.01E-10 r   4.4
1.44E+11 4.60E-04 5.26E+36 1.49E+06 7.11E+11 3.50E-03 8.99E-01 4.56E-10 r   4.4
1.44E+11 4.47E-04 5.26E+36 1.48E+06 6.88E+11 3.41E-03 9.02E-01 4.16E-10 r   4.4
1.44E+11 4.34E-04 5.26E+36 1.47E+06 6.66E+11 3.33E-03 9.04E-01 3.78E-10 r   4.4
1.45E+11 4.22E-04 5.26E+36 1.46E+06 6.44E+11 3.24E-03 9.07E-01 3.44E-10 r   4.4
1.45E+11 4.10E-04 5.26E+36 1.45E+06 6.23E+11 3.16E-03 9.10E-01 3.13E-10 r   4.4
1.45E+11 3.98E-04 5.26E+36 1.44E+06 6.03E+11 3.08E-03 9.13E-01 2.84E-10 r   4.4
1.45E+11 3.86E-04 5.26E+36 1.43E+06 5.83E+11 3.00E-03 9.16E-01 2.58E-10 r   4.4
1.45E+11 3.75E-04 5.26E+36 1.41E+06 5.64E+11 2.92E-03 9.19E-01 2.34E-10 r   4.4
1.45E+11 3.64E-04 5.26E+36 1.40E+06 5.45E+11 2.85E-03 9.22E-01 2.12E-10 r   4.4
1.46E+11 3.53E-04 5.26E+36 1.39E+06 5.27E+11 2.77E-03 9.25E-01 1.92E-10 r   4.4
1.46E+11 3.42E-04 5.26E+36 1.38E+06 5.09E+11 2.70E-03 9.28E-01 1.74E-10 r   4.4
1.46E+11 3.32E-04 5.26E+36 1.37E+06 4.92E+11 2.63E-03 9.31E-01 1.58E-10 r   4.4
1.46E+11 3.22E-04 5.26E+36 1.36E+06 4.75E+11 2.56E-03 9.34E-01 1.42E-10 r   4.4
1.46E+11 3.12E-04 5.26E+36 1.35E+06 4.59E+11 2.49E-03 9.37E-01 1.29E-10 r   4.4
1.46E+11 3.03E-04 5.26E+36 1.34E+06 4.43E+11 2.42E-03 9.41E-01 1.16E-10 r   4.4
1.47E+11 2.93E-04 5.26E+36 1.33E+06 4.28E+11 2.36E-03 9.44E-01 1.05E-10 r   4.4
1.47E+11 2.84E-04 5.26E+36 1.32E+06 4.13E+11 2.29E-03 9.47E-01 9.44E-11 r   4.4
1.47E+11 2.75E-04 5.26E+36 1.31E+06 3.98E+11 2.23E-03 9.50E-01 8.50E-11 r   4.4
1.47E+11 2.67E-04 5.26E+36 1.30E+06 3.84E+11 2.17E-03 9.54E-01 7.65E-11 r   4.4
1.47E+11 2.58E-04 5.26E+36 1.29E+06 3.71E+11 2.11E-03 9.57E-01 6.88E-11 r   4.5
1.47E+11 2.50E-04 5.26E+36 1.28E+06 3.58E+11 2.05E-03 9.60E-01 6.18E-11 r   4.5
1.48E+11 2.42E-04 5.26E+36 1.27E+06 3.45E+11 2.00E-03 9.64E-01 5.55E-11 r   4.5
1.48E+11 2.34E-04 5.26E+36 1.26E+06 3.32E+11 1.94E-03 9.67E-01 4.98E-11 r   4.5
1.48E+11 2.27E-04 5.26E+36 1.25E+06 3.20E+11 1.88E-03 9.71E-01 4.46E-11 r   4.5
1.48E+11 2.19E-04 5.26E+36 1.24E+06 3.09E+11 1.83E-03 9.74E-01 3.99E-11 r   4.5
1.48E+11 2.12E-04 5.26E+36 1.23E+06 2.97E+11 1.78E-03 9.78E-01 3.57E-11 r   4.5
1.48E+11 2.05E-04 5.26E+36 1.21E+06 2.87E+11 1.73E-03 9.81E-01 3.19E-11 r   4.5
1.49E+11 1.98E-04 5.26E+36 1.20E+06 2.76E+11 1.68E-03 9.85E-01 2.85E-11 r   4.5
1.49E+11 1.92E-04 5.26E+36 1.19E+06 2.66E+11 1.63E-03 9.89E-01 2.54E-11 r   4.5
1.49E+11 1.85E-04 5.26E+36 1.18E+06 2.56E+11 1.58E-03 9.92E-01 2.27E-11 r   4.5
1.49E+11 1.79E-04 5.26E+36 1.17E+06 2.46E+11 1.53E-03 9.96E-01 2.02E-11 r   4.5
1.49E+11 1.73E-04 5.26E+36 1.16E+06 2.37E+11 1.49E-03 1.00E+00 1.79E-11 r   4.5
1.50E+11 1.67E-04 5.26E+36 1.15E+06 2.28E+11 1.44E-03 1.00E+00 1.59E-11 r   4.5
1.50E+11 1.61E-04 5.26E+36 1.14E+06 2.19E+11 1.40E-03 1.01E+00 1.42E-11 r   4.5
1.50E+11 1.55E-04 5.26E+36 1.13E+06 2.11E+11 1.36E-03 1.01E+00 1.26E-11 r   4.5
1.50E+11 1.50E-04 5.26E+36 1.12E+06 2.02E+11 1.32E-03 1.02E+00 1.11E-11 r   4.5
1.50E+11 1.45E-04 5.26E+36 1.11E+06 1.94E+11 1.28E-03 1.02E+00 9.84E-12 r   4.5
1.50E+11 1.39E-04 5.26E+36 1.10E+06 1.87E+11 1.24E-03 1.02E+00 8.70E-12 r   4.5
1.51E+11 1.34E-04 5.26E+36 1.09E+06 1.79E+11 1.20E-03 1.03E+00 7.68E-12 r   4.5
1.51E+11 1.29E-04 5.26E+36 1.08E+06 1.72E+11 1.16E-03 1.03E+00 6.77E-12 r   4.5
1.51E+11 1.25E-04 5.26E+36 1.07E+06 1.65E+11 1.13E-03 1.04E+00 5.97E-12 r   4.5
1.51E+11 1.20E-04 5.26E+36 1.06E+06 1.59E+11 1.09E-03 1.04E+00 5.25E-12 r   4.5
1.51E+11 1.16E-04 5.26E+36 1.05E+06 1.52E+11 1.06E-03 1.05E+00 4.61E-12 r   4.5
1.51E+11 1.11E-04 5.26E+36 1.04E+06 1.46E+11 1.02E-03 1.05E+00 4.05E-12 r   4.5
1.52E+11 1.07E-04 5.26E+36 1.03E+06 1.40E+11 9.89E-04 1.05E+00 3.55E-12 r   4.5
1.52E+11 1.03E-04 5.26E+36 1.02E+06 1.34E+11 9.57E-04 1.06E+00 3.11E-12 r   4.5
1.52E+11 9.92E-05 5.26E+36 1.01E+06 1.28E+11 9.26E-04 1.06E+00 2.72E-12 r   4.5
1.52E+11 9.53E-05 5.26E+36 1.01E+06 1.23E+11 8.95E-04 1.07E+00 2.37E-12 r   4.5
1.52E+11 9.16E-05 5.26E+36 9.96E+05 1.18E+11 8.65E-04 1.07E+00 2.07E-12 r   4.5
1.52E+11 8.80E-05 5.26E+36 9.86E+05 1.13E+11 8.36E-04 1.08E+00 1.80E-12 r   4.5
1.53E+11 8.46E-05 5.26E+36 9.76E+05 1.08E+11 8.08E-04 1.08E+00 1.57E-12 r   4.5
1.53E+11 8.12E-05 5.26E+36 9.67E+05 1.03E+11 7.81E-04 1.09E+00 1.36E-12 r   4.5
1.53E+11 7.79E-05 5.26E+36 9.57E+05 9.87E+10 7.54E-04 1.09E+00 1.18E-12 r   4.5
1.53E+11 7.48E-05 5.26E+36 9.47E+05 9.44E+10 7.28E-04 1.10E+00 1.02E-12 r   4.5
1.53E+11 7.17E-05 5.26E+36 9.38E+05 9.02E+10 7.03E-04 1.10E+00 8.85E-13 r   4.5
1.53E+11 6.88E-05 5.26E+36 9.28E+05 8.62E+10 6.78E-04 1.11E+00 7.64E-13 r   4.5
1.54E+11 6.59E-05 5.26E+36 9.19E+05 8.23E+10 6.54E-04 1.11E+00 6.59E-13 r   4.5
1.54E+11 6.32E-05 5.26E+36 9.09E+05 7.85E+10 6.31E-04 1.12E+00 5.67E-13 r   4.5
1.54E+11 6.05E-05 5.26E+36 9.00E+05 7.49E+10 6.08E-04 1.12E+00 4.87E-13 r   4.5
1.54E+11 5.79E-05 5.26E+36 8.90E+05 7.15E+10 5.86E-04 1.13E+00 4.18E-13 r   4.5
1.54E+11 5.54E-05 5.26E+36 8.81E+05 6.82E+10 5.65E-04 1.13E+00 3.58E-13 r   4.5
1.55E+11 5.30E-05 5.26E+36 8.71E+05 6.50E+10 5.44E-04 1.14E+00 3.06E-13 r   4.5
1.55E+11 5.07E-05 5.26E+36 8.62E+05 6.19E+10 5.24E-04 1.15E+00 2.61E-13 r   4.5
1.55E+11 4.85E-05 5.26E+36 8.53E+05 5.89E+10 5.05E-04 1.15E+00 2.22E-13 r   4.5
1.55E+11 4.63E-05 5.26E+36 8.43E+05 5.61E+10 4.86E-04 1.16E+00 1.89E-13 r   4.5
1.55E+11 4.42E-05 5.26E+36 8.34E+05 5.34E+10 4.67E-04 1.16E+00 1.61E-13 r   4.5
1.55E+11 4.22E-05 5.26E+36 8.25E+05 5.08E+10 4.49E-04 1.17E+00 1.36E-13 r   4.5
1.56E+11 4.03E-05 5.26E+36 8.16E+05 4.83E+10 4.32E-04 1.18E+00 1.15E-13 r   4.5
1.56E+11 3.84E-05 5.26E+36 8.06E+05 4.59E+10 4.15E-04 1.18E+00 9.70E-14 r   4.5
1.56E+11 3.66E-05 5.26E+36 7.97E+05 4.36E+10 3.99E-04 1.19E+00 8.17E-14 r   4.5
1.56E+11 3.49E-05 5.26E+36 7.88E+05 4.14E+10 3.83E-04 1.20E+00 6.86E-14 r   4.5
1.56E+11 3.32E-05 5.26E+36 7.79E+05 3.92E+10 3.67E-04 1.20E+00 5.75E-14 r   4.5
1.56E+11 3.16E-05 5.26E+36 7.70E+05 3.72E+10 3.53E-04 1.21E+00 4.81E-14 r   4.5
1.57E+11 3.01E-05 5.26E+36 7.61E+05 3.53E+10 3.38E-04 1.22E+00 4.02E-14 r   4.5
1.57E+11 2.86E-05 5.26E+36 7.51E+05 3.34E+10 3.24E-04 1.22E+00 3.35E-14 r   4.5
1.57E+11 2.72E-05 5.26E+36 7.42E+05 3.16E+10 3.11E-04 1.23E+00 2.78E-14 r   4.5
1.57E+11 2.58E-05 5.26E+36 7.33E+05 3.00E+10 2.98E-04 1.24E+00 2.30E-14 r   4.5
1.57E+11 2.45E-05 5.26E+36 7.24E+05 2.83E+10 2.85E-04 1.24E+00 1.90E-14 r   4.5
1.57E+11 2.33E-05 5.26E+36 7.15E+05 2.68E+10 2.73E-04 1.25E+00 1.57E-14 r   4.5
1.58E+11 2.21E-05 5.26E+36 7.06E+05 2.53E+10 2.61E-04 1.26E+00 1.29E-14 r   4.5
1.58E+11 2.09E-05 5.26E+36 6.97E+05 2.39E+10 2.50E-04 1.27E+00 1.06E-14 r   4.5
1.58E+11 1.98E-05 5.26E+36 6.88E+05 2.26E+10 2.39E-04 1.27E+00 8.66E-15 r   4.5
1.58E+11 1.87E-05 5.26E+36 6.79E+05 2.13E+10 2.28E-04 1.28E+00 7.06E-15 r   4.5
1.58E+11 1.77E-05 5.26E+36 6.71E+05 2.00E+10 2.18E-04 1.29E+00 5.74E-15 r   4.5
1.58E+11 1.68E-05 5.26E+36 6.62E+05 1.89E+10 2.08E-04 1.30E+00 4.66E-15 r   4.5
1.59E+11 1.58E-05 5.26E+36 6.53E+05 1.78E+10 1.98E-04 1.31E+00 3.76E-15 r   4.5
1.59E+11 1.49E-05 5.26E+36 6.44E+05 1.67E+10 1.89E-04 1.32E+00 3.03E-15 r   4.5
1.59E+11 1.41E-05 5.26E+36 6.35E+05 1.57E+10 1.80E-04 1.32E+00 2.43E-15 r   4.5
1.59E+11 1.33E-05 5.26E+36 6.26E+05 1.48E+10 1.71E-04 1.33E+00 1.95E-15 r   4.5
1.59E+11 1.25E-05 5.26E+36 6.18E+05 1.39E+10 1.63E-04 1.34E+00 1.55E-15 r   4.5
1.60E+11 1.18E-05 5.26E+36 6.09E+05 1.30E+10 1.55E-04 1.35E+00 1.24E-15 r   4.5
1.60E+11 1.11E-05 5.26E+36 6.00E+05 1.22E+10 1.47E-04 1.36E+00 9.78E-16 r   4.5
1.60E+11 1.04E-05 5.26E+36 5.92E+05 1.14E+10 1.40E-04 1.37E+00 7.72E-16 r   4.5
1.60E+11 9.78E-06 5.26E+36 5.83E+05 1.07E+10 1.33E-04 1.38E+00 6.07E-16 r   4.5
1.60E+11 9.17E-06 5.26E+36 5.74E+05 9.97E+09 1.26E-04 1.39E+00 4.75E-16 r   4.5
1.60E+11 8.60E-06 5.26E+36 5.66E+05 9.32E+09 1.20E-04 1.40E+00 3.70E-16 r   4.5
1.61E+11 8.05E-06 5.26E+36 5.57E+05 8.70E+09 1.13E-04 1.41E+00 2.87E-16 r   4.5
1.61E+11 7.53E-06 5.26E+36 5.48E+05 8.11E+09 1.07E-04 1.42E+00 2.22E-16 r   4.5
1.61E+11 7.04E-06 5.26E+36 5.40E+05 7.55E+09 1.02E-04 1.43E+00 1.71E-16 r   4.5
1.61E+11 6.58E-06 5.26E+36 5.31E+05 7.03E+09 9.60E-05 1.45E+00 1.31E-16 r   4.5
1.61E+11 6.14E-06 5.26E+36 5.23E+05 6.53E+09 9.07E-05 1.46E+00 9.97E-17 r   4.5
1.61E+11 5.72E-06 5.26E+36 5.14E+05 6.07E+09 8.56E-05 1.47E+00 7.56E-17 r   4.5
1.62E+11 5.33E-06 5.26E+36 5.06E+05 5.63E+09 8.07E-05 1.48E+00 5.70E-17 r   4.5
1.62E+11 4.95E-06 5.26E+36 4.97E+05 5.22E+09 7.61E-05 1.49E+00 4.28E-17 r   4.5
1.62E+11 4.60E-06 5.26E+36 4.89E+05 4.83E+09 7.16E-05 1.51E+00 3.19E-17 r   4.5
1.62E+11 4.27E-06 5.26E+36 4.80E+05 4.47E+09 6.74E-05 1.52E+00 2.37E-17 r   4.5
1.62E+11 3.96E-06 5.26E+36 4.72E+05 4.13E+09 6.33E-05 1.53E+00 1.75E-17 r   4.5
1.62E+11 3.66E-06 5.26E+36 4.64E+05 3.81E+09 5.94E-05 1.55E+00 1.28E-17 r   4.5
1.63E+11 3.39E-06 5.26E+36 4.55E+05 3.51E+09 5.57E-05 1.56E+00 9.31E-18 r   4.5
1.63E+11 3.13E-06 5.26E+36 4.47E+05 3.23E+09 5.22E-05 1.58E+00 6.74E-18 r   4.5
1.63E+11 2.88E-06 5.26E+36 4.39E+05 2.97E+09 4.89E-05 1.59E+00 4.84E-18 r   4.5
1.63E+11 2.66E-06 5.26E+36 4.30E+05 2.72E+09 4.57E-05 1.61E+00 3.45E-18 r   4.5
1.63E+11 2.44E-06 5.26E+36 4.22E+05 2.49E+09 4.27E-05 1.62E+00 2.44E-18 r   4.5
1.63E+11 2.24E-06 5.26E+36 4.14E+05 2.28E+09 3.98E-05 1.64E+00 1.71E-18 r   4.5
1.64E+11 2.05E-06 5.26E+36 4.06E+05 2.08E+09 3.71E-05 1.66E+00 1.19E-18 r   4.5
1.64E+11 1.88E-06 5.26E+36 3.98E+05 1.90E+09 3.45E-05 1.67E+00 8.25E-19 r   4.5
1.64E+11 1.72E-06 5.26E+36 3.89E+05 1.73E+09 3.21E-05 1.69E+00 5.65E-19 r   4.5
1.64E+11 1.57E-06 5.26E+36 3.81E+05 1.57E+09 2.97E-05 1.71E+00 3.83E-19 r   4.5
1.64E+11 1.43E-06 5.26E+36 3.73E+05 1.43E+09 2.76E-05 1.73E+00 2.57E-19 r   4.5
1.65E+11 1.30E-06 5.26E+36 3.65E+05 1.29E+09 2.55E-05 1.75E+00 1.71E-19 r   4.5
1.65E+11 1.18E-06 5.26E+36 3.57E+05 1.17E+09 2.36E-05 1.77E+00 1.12E-19 r   4.5
1.65E+11 1.06E-06 5.26E+36 3.49E+05 1.05E+09 2.17E-05 1.79E+00 7.31E-20 r   4.5
1.65E+11 9.60E-07 5.26E+36 3.41E+05 9.47E+08 2.00E-05 1.81E+00 4.70E-20 r   4.5
1.65E+11 8.65E-07 5.26E+36 3.33E+05 8.50E+08 1.84E-05 1.83E+00 2.99E-20 r   4.5
1.65E+11 7.78E-07 5.26E+36 3.25E+05 7.61E+08 1.69E-05 1.86E+00 1.87E-20 r   4.5
1.66E+11 6.97E-07 5.26E+36 3.17E+05 6.80E+08 1.54E-05 1.88E+00 1.16E-20 r   4.5
1.66E+11 6.24E-07 5.26E+36 3.09E+05 6.06E+08 1.41E-05 1.91E+00 7.05E-21 r   4.5
1.66E+11 5.56E-07 5.26E+36 3.01E+05 5.39E+08 1.29E-05 1.93E+00 4.23E-21 r   4.5
1.66E+11 4.95E-07 5.26E+36 2.93E+05 4.78E+08 1.17E-05 1.96E+00 2.50E-21 r   4.5
1.66E+11 4.39E-07 5.26E+36 2.85E+05 4.22E+08 1.06E-05 1.99E+00 1.45E-21 r   4.5
1.66E+11 3.88E-07 5.26E+36 2.77E+05 3.72E+08 9.62E-06 2.02E+00 8.28E-22 r   4.5
1.67E+11 3.42E-07 5.26E+36 2.69E+05 3.27E+08 8.68E-06 2.05E+00 4.63E-22 r   4.5
1.67E+11 3.00E-07 5.26E+36 2.62E+05 2.86E+08 7.82E-06 2.08E+00 2.54E-22 r   4.5
1.67E+11 2.63E-07 5.26E+36 2.54E+05 2.49E+08 7.02E-06 2.11E+00 1.36E-22 r   4.5
1.67E+11 2.29E-07 5.26E+36 2.46E+05 2.16E+08 6.29E-06 2.15E+00 7.15E-23 r   4.5
1.67E+11 1.99E-07 5.26E+36 2.38E+05 1.87E+08 5.61E-06 2.19E+00 3.65E-23 r   4.5
1.67E+11 1.72E-07 5.26E+36 2.31E+05 1.61E+08 4.99E-06 2.22E+00 1.82E-23 r   4.5
1.68E+11 1.48E-07 5.26E+36 2.23E+05 1.38E+08 4.42E-06 2.26E+00 8.81E-24 r   4.5
1.68E+11 1.26E-07 5.26E+36 2.15E+05 1.18E+08 3.90E-06 2.31E+00 4.14E-24 r   4.5
1.68E+11 1.08E-07 5.26E+36 2.08E+05 1.00E+08 3.43E-06 2.35E+00 1.88E-24 r   4.5
1.68E+11 9.11E-08 5.26E+36 2.00E+05 8.44E+07 3.00E-06 2.40E+00 8.23E-25 r   4.5
1.68E+11 7.67E-08 5.26E+36 1.92E+05 7.08E+07 2.61E-06 2.45E+00 3.47E-25 r   4.5
1.69E+11 6.41E-08 5.26E+36 1.85E+05 5.90E+07 2.26E-06 2.50E+00 1.40E-25 r   4.5
1.69E+11 5.32E-08 5.26E+36 1.77E+05 4.88E+07 1.95E-06 2.56E+00 5.42E-26 r   4.5
1.69E+11 4.39E-08 5.26E+36 1.70E+05 4.01E+07 1.67E-06 2.62E+00 1.99E-26 r   4.5
1.69E+11 3.59E-08 5.26E+36 1.62E+05 3.26E+07 1.42E-06 2.69E+00 6.91E-27 r   4.5
1.69E+11 2.91E-08 5.26E+36 1.55E+05 2.63E+07 1.20E-06 2.76E+00 2.26E-27 r   4.5
1.69E+11 2.33E-08 5.26E+36 1.47E+05 2.11E+07 1.01E-06 2.83E+00 6.90E-28 r   4.5
1.70E+11 1.85E-08 5.26E+36 1.40E+05 1.67E+07 8.37E-07 2.91E+00 1.96E-28 r   4.6
1.70E+11 1.45E-08 5.26E+36 1.33E+05 1.30E+07 6.89E-07 3.00E+00 5.10E-29 r   4.6
1.70E+11 1.13E-08 5.26E+36 1.25E+05 1.00E+07 5.62E-07 3.10E+00 1.21E-29 r   4.6
1.70E+11 8.60E-09 5.26E+36 1.18E+05 7.64E+06 4.53E-07 3.20E+00 2.58E-30 r   4.6
1.70E+11 6.47E-09 5.26E+36 1.11E+05 5.71E+06 3.60E-07 3.31E+00 4.87E-31 r   4.6
1.70E+11 4.78E-09 5.26E+36 1.03E+05 4.20E+06 2.82E-07 3.44E+00 8.00E-32 r   4.6
1.71E+11 3.47E-09 5.26E+36 9.62E+04 3.02E+06 2.18E-07 3.58E+00 1.12E-32 r   4.6
1.71E+11 2.46E-09 5.26E+36 8.90E+04 2.12E+06 1.65E-07 3.74E+00 1.29E-33 r   4.6
1.71E+11 1.70E-09 5.26E+36 8.19E+04 1.45E+06 1.22E-07 3.92E+00 1.19E-34 r   4.7
1.71E+11 1.06E-09 5.26E+36 7.36E+04 8.83E+05 8.20E-08 4.12E+00 5.18E-36 r   4.7
1.71E+11 6.19E-10 5.26E+36 6.54E+04 5.07E+05 5.26E-08 4.35E+00 1.38E-37 r   4.7
1.71E+11 3.39E-10 5.26E+36 5.71E+04 2.70E+05 3.18E-08 4.62E+00 1.94E-39 r   4.7
1.72E+11 1.69E-10 5.26E+36 4.89E+04 1.30E+05 1.77E-08 4.95E+00 1.14E-41 r   4.7
1.72E+11 7.42E-11 5.26E+36 4.07E+04 5.48E+04 8.78E-09 5.33E+00 1.89E-44 r   4.8
1.72E+11 2.71E-11 5.26E+36 3.26E+04 1.88E+04 3.67E-09 5.78E+00 4.49E-48 r   4.8
1.72E+11 7.35E-12 5.26E+36 2.44E+04 4.65E+03 1.15E-09 6.23E+00 3.86E-53 r   5.0
1.72E+11 1.15E-12 5.26E+36 1.62E+04 6.17E+02 2.03E-10 6.44E+00 4.04E-61 r   4.8
1.72E+11 5.90E-14 5.26E+36 8.11E+03 2.28E+01 1.09E-11 7.00E+00 2.80E-77 r   4.2
1.73E+11 0.00E+00 5.26E+36 0.00E+00 0.00E+00 0.00E+00 0.00E+00 0.00E+00 r   4.2
